15, 38, 47, 49, 80
4, 6, 8, 13, 14, 17, 18, 24, 33, 35, 53, 56, 58, 86, 87, 89, 94, 95, 96
16, 20, 28, 29, 30, 45, 46, 48, 54, 63, 69, 93
7, 11, 26, 31, 32, 41, 59, 73, 76, 83, 92, 98, 99
1, 8, 10, 12, 13, 14, 17, 38, 66, 70
9, 23, 36, 44, 45, 46, 56, 69, 74, 75, 78, 82, 85, 88, 90, 91
1, 8, 12, 13, 14, 18, 19, 24, 34, 35, 53, 58, 68, 86, 89, 95
3, 11, 26, 31, 41, 59, 73, 76, 83, 92, 98
1, 4, 6, 12, 13, 14, 18, 24, 34, 35, 53, 66, 68, 70, 81, 86
5, 20, 28, 29, 33, 44, 45, 48, 54, 56, 63, 69, 90, 91, 93, 94, 95, 96
4, 14, 15, 17, 27, 38, 47, 49, 51, 66, 70, 80
3, 7, 26, 31, 32, 37, 41, 55, 57, 59, 83, 92, 98, 99
4, 6, 8, 13, 18, 19, 34, 53, 60, 62, 68, 70, 79, 81
1, 4, 6, 8, 12, 18, 34, 53, 66, 68, 70, 81
1, 4, 6, 8, 10, 17, 18, 24, 27, 33, 35, 86, 94, 95, 96
0, 10, 27, 38, 47, 49, 51, 66, 80
2, 25, 30, 44, 46, 69, 71, 82, 85
1, 4, 10, 14, 27, 33, 35, 38, 47, 49, 51, 66, 70, 80, 94
1, 6, 8, 12, 13, 14, 19, 24, 34, 35, 53, 56, 58, 75, 86, 87, 89, 94, 95
6, 12, 18, 34, 53, 55, 58, 61, 64, 97, 98, 99
2, 9, 28, 29, 30, 45, 46, 48, 54, 63, 69, 93
60, 62, 68, 73, 79, 81
37, 43, 50, 55, 57, 77, 84
5, 39, 40, 42, 52, 65, 67, 72, 74, 75, 78, 88, 91
1, 6, 8, 14, 18, 33, 35, 53, 56, 58, 75, 86, 87, 89, 90, 94, 95, 96
16, 30, 36, 44, 46, 71, 82, 85
3, 7, 11, 31, 32, 41, 55, 59, 76, 83, 92, 98, 99
10, 14, 15, 17, 33, 38, 47, 49, 51, 80
2, 9, 20, 29, 33, 44, 45, 46, 48, 54, 63, 69, 90, 91, 93, 96
2, 9, 20, 28, 30, 45, 46, 48, 54, 63, 69, 93
2, 16, 20, 25, 29, 44, 45, 46, 69, 82
3, 7, 11, 26, 32, 41, 59, 76, 83, 92, 98, 99
3, 11, 26, 31, 37, 41, 57, 59, 92, 99
1, 9, 14, 17, 24, 27, 28, 35, 48, 54, 56, 86, 90, 94, 95, 96
6, 8, 12, 13, 18, 19, 53, 55, 60, 61, 62, 68, 73, 79, 98, 99
1, 6, 8, 14, 17, 18, 24, 33, 53, 56, 58, 75, 86, 87, 89, 90, 94, 95, 96
5, 25, 44, 71, 82, 85
11, 22, 32, 43, 50, 55, 57, 77, 84, 99
0, 4, 10, 15, 17, 27, 47, 49, 51, 66, 70, 80
23, 40, 42, 50, 52, 65, 67, 72, 74, 77, 78, 88
23, 39, 42, 52, 65, 67, 72, 74, 78
3, 7, 11, 26, 31, 32, 59, 76, 83, 92, 98, 99
23, 39, 40, 52, 65, 67, 72, 74, 78, 88
22, 37, 50, 57, 72, 77, 84
5, 9, 16, 25, 28, 30, 36, 45, 46, 69, 71, 74, 82, 85, 91, 93
2, 5, 9, 20, 28, 29, 30, 44, 46, 48, 54, 56, 63, 69, 74, 90, 91, 93, 96
2, 5, 16, 20, 25, 28, 29, 30, 44, 45, 63, 69, 82, 93
0, 10, 15, 17, 27, 38, 49, 51, 80
2, 9, 20, 28, 29, 33, 45, 54, 63, 69, 93, 94, 96
0, 10, 15, 17, 27, 38, 47, 51, 80
22, 37, 39, 43, 55, 57, 64, 65, 67, 72, 77, 84, 97
10, 15, 17, 27, 38, 47, 49, 80
23, 39, 40, 42, 65, 67, 72, 78
1, 6, 8, 12, 13, 18, 19, 24, 34, 35, 58, 61, 64, 68, 86, 87, 89, 95
2, 9, 20, 28, 29, 33, 45, 48, 56, 63, 69, 90, 91, 93, 94, 95, 96
11, 19, 22, 26, 34, 37, 50, 61, 64, 77, 97, 99
1, 5, 9, 18, 24, 33, 35, 45, 54, 58, 74, 75, 86, 87, 88, 89, 90, 91, 94, 95, 96
11, 22, 32, 37, 43, 50, 77, 84, 92
1, 6, 18, 19, 24, 35, 53, 56, 61, 64, 75, 86, 87, 88, 89, 90, 94, 95, 96, 97
3, 7, 11, 26, 31, 32, 41, 73, 76, 83, 92, 98, 99
12, 21, 34, 62, 68, 73, 79, 81, 98
19, 34, 53, 55, 58, 64, 89, 97, 99
12, 21, 34, 60, 68, 73, 79, 81, 98
2, 9, 20, 28, 29, 45, 46, 48, 54, 69, 93
19, 50, 53, 55, 58, 61, 67, 72, 75, 77, 86, 87, 88, 89, 97
23, 39, 40, 42, 50, 52, 67, 72, 74, 78
4, 8, 10, 13, 15, 17, 38, 70, 81
23, 39, 40, 42, 50, 52, 64, 65, 72, 74, 75, 77, 78, 88, 97
6, 8, 12, 13, 21, 34, 53, 60, 62, 70, 79, 81
2, 5, 9, 16, 20, 28, 29, 30, 44, 45, 46, 48, 54, 63, 90, 91, 93, 96
4, 8, 10, 12, 13, 17, 38, 66, 68, 81
16, 25, 36, 44, 82, 85
23, 39, 40, 42, 43, 50, 52, 64, 65, 67, 74, 75, 77, 78, 87, 88, 97
3, 7, 21, 34, 59, 60, 62, 76, 79, 83, 98
5, 23, 39, 40, 42, 44, 45, 56, 65, 67, 72, 75, 78, 82, 87, 88, 90, 91
5, 18, 23, 24, 35, 56, 58, 64, 67, 72, 74, 78, 86, 87, 88, 89, 90, 91, 95, 96, 97
3, 7, 26, 31, 41, 59, 73, 79, 83, 98
22, 37, 39, 43, 50, 55, 57, 64, 67, 72, 84, 97
5, 23, 39, 40, 42, 52, 65, 67, 72, 74, 75, 87, 88, 91, 97
12, 21, 34, 60, 62, 68, 73, 76, 98
0, 10, 15, 17, 27, 38, 47, 49, 51
8, 12, 13, 21, 60, 62, 66, 68, 70
5, 16, 25, 30, 36, 44, 46, 71, 74, 85
3, 7, 11, 26, 31, 41, 59, 73, 76, 92, 98, 99
22, 37, 43, 50, 57, 77
5, 16, 25, 36, 44, 71, 82
1, 6, 8, 14, 18, 24, 33, 35, 53, 56, 58, 64, 75, 87, 88, 89, 90, 94, 95, 96, 97
1, 18, 24, 35, 53, 56, 58, 64, 72, 74, 75, 78, 86, 88, 89, 90, 91, 95, 96, 97
5, 23, 39, 42, 56, 58, 64, 67, 72, 74, 75, 78, 86, 87, 89, 90, 91, 95, 97
1, 6, 18, 24, 35, 53, 56, 58, 61, 64, 75, 86, 87, 88, 90, 95, 96, 97
5, 9, 24, 28, 33, 35, 45, 54, 56, 58, 69, 74, 75, 86, 87, 88, 89, 91, 93, 94, 95, 96
5, 9, 23, 28, 44, 45, 54, 56, 69, 74, 75, 78, 87, 88, 90, 95, 96
3, 7, 11, 26, 31, 32, 41, 57, 59, 83, 99
2, 9, 20, 28, 29, 44, 45, 46, 48, 54, 63, 69, 90, 96
1, 9, 14, 17, 18, 24, 33, 35, 48, 54, 56, 58, 86, 90, 95, 96
1, 6, 9, 14, 18, 24, 33, 35, 53, 54, 56, 58, 75, 86, 87, 88, 89, 90, 91, 94, 96
1, 9, 14, 24, 28, 33, 35, 45, 48, 54, 56, 58, 69, 75, 86, 87, 89, 90, 91, 93, 94, 95
19, 50, 55, 58, 61, 64, 67, 72, 75, 77, 78, 86, 87, 88, 89
3, 7, 11, 19, 26, 31, 34, 41, 59, 60, 62, 73, 76, 79, 83, 99
3, 11, 19, 26, 31, 32, 34, 37, 41, 55, 59, 61, 83, 92, 98
