0.07674980163574219 1140.334228515625
0.04642510414123535 1166.2812194824219
0.0453188419342041 1193.1332702636719
0.04559803009033203 1219.9717102050781
0.04507803916931152 1246.7270202636719
0.045011043548583984 1273.447021484375
0.04503989219665527 1300.1266784667969
0.04588437080383301 1326.7567138671875
0.04464602470397949 1353.3435974121094
0.04522395133972168 1379.8978881835938
0.0448908805847168 1406.441162109375
0.04474377632141113 1432.9952697753906
0.045435190200805664 1459.5736999511719
0.07961106300354004 1486.1812438964844
0.07833290100097656 1512.6869812011719
0.047720909118652344 1539.0758361816406
0.04529881477355957 1565.5962219238281
0.044528961181640625 1592.3077392578125
0.04458880424499512 1618.8147277832031
0.045420169830322266 1644.2648010253906
0.044853925704956055 1649.2012329101562
0.044922828674316406 1650.4808654785156
0.044969797134399414 1650.5295715332031
0.0449831485748291 1650.68310546875
0.04485917091369629 1650.5664367675781
0.04473090171813965 1650.7554321289062
0.04474496841430664 1650.6687622070312
0.04499983787536621 1650.8470764160156
0.04511594772338867 1650.73193359375
0.04485774040222168 1650.9219970703125
0.0455780029296875 1650.8410949707031
0.04619002342224121 1651.0159606933594
0.04513716697692871 1650.9118347167969
0.0451352596282959 1651.0841064453125
0.04489302635192871 1650.9857177734375
0.0451052188873291 1651.1325073242188
0.04496192932128906 1651.0017700195312
0.04507708549499512 1651.1314086914062
0.04466605186462402 1651.0154724121094
0.04441189765930176 1651.1330871582031
0.1332721710205078 1651.01416015625
0.05867314338684082 1651.1310119628906
0.04452872276306152 1651.0208435058594
0.044698238372802734 1651.1172790527344
0.044547080993652344 1651.0449523925781
0.044709205627441406 1651.0801391601562
0.04467511177062988 1651.1008605957031
0.04513406753540039 1651.0113830566406
0.0446779727935791 1651.1349792480469
0.044840097427368164 1651.0013427734375
0.04616117477416992 1651.1255187988281
0.0447087287902832 1651.0319213867188
0.04510307312011719 1651.1049194335938
0.04474592208862305 1651.0636596679688
0.04491090774536133 1651.0572509765625
0.06963896751403809 1651.1284484863281
0.05151009559631348 1650.9840698242188
0.053472042083740234 1651.1169128417969
0.04485893249511719 1651.0457763671875
0.04481792449951172 1651.0923461914062
0.044692039489746094 1651.0802917480469
0.04454493522644043 1651.0413208007812
0.04440498352050781 1651.144287109375
0.044525146484375 1650.9678039550781
0.04509997367858887 1651.1097412109375
0.04551196098327637 1651.0587158203125
0.04529523849487305 1651.0715026855469
0.3522193431854248 1651.1130981445312
0.11020207405090332 1650.9996948242188
0.11754512786865234 1651.1283569335938
0.35393691062927246 1651.0170288085938
0.06752705574035645 1651.1349792480469
0.10198974609375 1651.0095825195312
0.09295797348022461 1651.1316833496094
0.06122589111328125 1651.0189208984375
0.055062055587768555 1651.1232299804688
0.04589724540710449 1651.0338439941406
0.0491182804107666 1651.0985412597656
0.044696807861328125 1651.0735473632812
0.04415297508239746 1651.0440368652344
0.044259071350097656 1651.1442260742188
0.04468798637390137 1650.9658203125
0.04551506042480469 1651.1072082519531
0.04505610466003418 1651.0645141601562
0.04367709159851074 1651.0620727539062
0.04374289512634277 1651.1259765625
0.043524980545043945 1650.9865112304688
0.044074058532714844 1651.1183776855469
0.04422497749328613 1651.0421447753906
0.04413795471191406 1651.09912109375
0.04481101036071777 1651.0696411132812
0.04430508613586426 1651.0547790527344
0.04402303695678711 1651.1279907226562
0.04410910606384277 1650.9875793457031
0.043745994567871094 1651.1198120117188
0.044281959533691406 1651.0389404296875
0.04413104057312012 1651.1044311523438
0.04381299018859863 1651.0605163574219
0.04468488693237305 1651.0672607421875
0.04393911361694336 1651.1143493652344
0.05178070068359375 1650.9998168945312
0.058995962142944336 1651.1289978027344
0.07355403900146484 1651.0157165527344
0.05947375297546387 1651.1350708007812
0.0495150089263916 1651.008544921875
0.0513458251953125 1651.1319580078125
0.04705309867858887 1651.0169982910156
0.054882049560546875 1651.128662109375
0.04414105415344238 1651.0232238769531
0.04398989677429199 1651.1167602539062
0.04414486885070801 1651.043212890625
0.0538020133972168 1651.0861511230469
0.044122934341430664 1651.0908813476562
0.09429478645324707 1651.0243530273438
0.07526922225952148 1651.1432800292969
0.05957174301147461 1650.9791259765625
0.04738306999206543 1651.1155700683594
0.04629993438720703 1651.04931640625
0.055435895919799805 1651.0819091796875
0.0446019172668457 1651.0986328125
0.04784893989562988 1651.0158996582031
0.04557919502258301 1651.1377868652344
0.0438840389251709 1650.9932250976562
0.06412172317504883 1651.1226806640625
0.05550813674926758 1651.0361938476562
0.04774332046508789 1651.1014099121094
0.08540010452270508 1651.0676574707031
0.07305717468261719 1651.05419921875
0.04897189140319824 1651.13037109375
0.06193423271179199 1650.9830017089844
0.04418683052062988 1651.1168518066406
0.058431148529052734 1651.0455017089844
0.10019588470458984 1651.0935974121094
0.05730295181274414 1651.077880859375
0.06507110595703125 1651.0446166992188
0.05568695068359375 1651.1396789550781
0.04847002029418945 1650.9739074707031
0.0505979061126709 1651.1129760742188
0.059950828552246094 1651.0523681640625
0.15670013427734375 1651.0822143554688
0.06544089317321777 1651.096435546875
0.05485892295837402 1651.0205383300781
0.07785701751708984 1651.1408996582031
0.06713390350341797 1650.9841918945312
0.06437015533447266 1651.11962890625
0.053627729415893555 1651.0403747558594
0.044264793395996094 1651.0982360839844
0.04515790939331055 1651.0713806152344
0.04523491859436035 1651.0515441894531
0.04603004455566406 1651.1321411132812
0.04412198066711426 1650.9813842773438
0.044682979583740234 1651.1168518066406
0.04497790336608887 1651.04443359375
0.049542903900146484 1651.0971984863281
0.04702901840209961 1651.0709533691406
0.05097818374633789 1651.0551147460938
0.05669403076171875 1651.1271362304688
0.04677700996398926 1650.987548828125
0.05491900444030762 1651.1214294433594
0.05046391487121582 1651.033447265625
0.0440371036529541 1651.1168212890625
0.045156002044677734 1651.0376892089844
0.04404401779174805 1651.1045227050781
0.04404115676879883 1651.0576171875
0.044058799743652344 1651.0724792480469
0.04384899139404297 1651.1062622070312
0.044000864028930664 1651.0094299316406
0.04723477363586426 1651.1354370117188
0.07454061508178711 1650.9973754882812
0.06706595420837402 1651.1275024414062
0.046996116638183594 1651.0225219726562
0.04828381538391113 1651.1295166015625
0.045675039291381836 1651.016845703125
0.044344186782836914 1651.135009765625
0.05609011650085449 1651.0081481933594
0.055242061614990234 1651.1327209472656
0.04376387596130371 1651.0150451660156
0.0440821647644043 1651.1324768066406
0.053385019302368164 1651.0158081054688
0.05100202560424805 1651.1295471191406
0.05090594291687012 1651.021728515625
0.06209993362426758 1651.1190185546875
0.05643916130065918 1651.0395202636719
0.05561399459838867 1651.091796875
0.0578150749206543 1651.0823974609375
0.05193805694580078 1651.034423828125
0.04384207725524902 1651.1487731933594
0.04372906684875488 1650.9635009765625
0.04371213912963867 1651.1076354980469
0.044368743896484375 1651.0631408691406
0.04450106620788574 1651.0633850097656
0.04632711410522461 1651.1248779296875
0.04648780822753906 1650.986572265625
0.0739448070526123 1651.118896484375
0.06518816947937012 1651.0404663085938
0.0547640323638916 1651.1028442382812
0.06349301338195801 1651.0635070800781
0.08617925643920898 1651.0629272460938
0.08115100860595703 1651.1196594238281
0.06556177139282227 1650.9952697753906
0.06396627426147461 1651.1250305175781
0.07154011726379395 1651.0266418457031
0.04519772529602051 1651.1257019042969
0.05924034118652344 1651.02490234375
0.055159807205200195 1651.1202697753906
0.10179567337036133 1651.0348815917969
0.06588077545166016 1651.1024780273438
0.12975835800170898 1651.0642395019531
0.08310794830322266 1651.0591430664062
0.103302001953125 1651.1250610351562
0.07233119010925293 1650.98779296875
0.06044793128967285 1651.1206970214844
0.04912519454956055 1651.0361328125
0.053720951080322266 1651.1103515625
0.05377697944641113 1651.0503234863281
0.0573430061340332 1651.082275390625
0.05676388740539551 1651.09375
0.07865285873413086 1651.0241088867188
0.1105039119720459 1651.1431579589844
0.06784892082214355 1650.9786071777344
0.06479001045227051 1651.1170043945312
0.07207107543945312 1651.0450134277344
0.055841922760009766 1651.09130859375
0.05273914337158203 1651.0826110839844
0.07235884666442871 1651.0371398925781
0.0637061595916748 1651.1502685546875
0.05137801170349121 1650.9579467773438
0.043965816497802734 1651.1064147949219
0.04387187957763672 1651.063232421875
0.043582916259765625 1651.0664367675781
0.09555506706237793 1651.1203918457031
0.0472719669342041 1650.9912719726562
0.07098007202148438 1651.1231689453125
0.05016613006591797 1651.0291137695312
0.049250125885009766 1651.1249389648438
0.04810595512390137 1651.0245971679688
0.04840207099914551 1651.12353515625
0.04636383056640625 1651.0277404785156
0.046720027923583984 1651.1156311035156
0.05126690864562988 1651.0415344238281
0.044497013092041016 1651.0935363769531
0.04596877098083496 1651.0771789550781
0.07302379608154297 1651.0440063476562
0.04615497589111328 1651.1414184570312
0.04708504676818848 1650.9698791503906
0.046919822692871094 1651.1115417480469
0.04803180694580078 1651.0543212890625
0.04490399360656738 1651.0802307128906
0.0466160774230957 1651.0994567871094
0.04598188400268555 1651.0169982910156
0.0452580451965332 1651.1388244628906
0.04681205749511719 1650.9893798828125
0.04570198059082031 1651.1224365234375
0.04591774940490723 1651.0347595214844
0.0458681583404541 1651.1073913574219
0.04595685005187988 1651.0557556152344
0.04413604736328125 1651.0730285644531
0.045142173767089844 1651.1072387695312
0.04667210578918457 1651.007080078125
0.04697299003601074 1651.1335754394531
0.04639387130737305 1651.0032958984375
0.04530191421508789 1651.1293029785156
0.07463192939758301 1651.0201110839844
0.04481005668640137 1651.1307373046875
0.0460202693939209 1651.0166015625
0.0455629825592041 1651.1325073242188
0.04624199867248535 1651.0142822265625
0.04726696014404297 1651.1339111328125
0.04511594772338867 1651.0132141113281
0.04430079460144043 1651.1334228515625
0.04644489288330078 1651.0153503417969
0.07213687896728516 1651.128173828125
0.04609179496765137 1651.0249938964844
0.045308828353881836 1651.1126098632812
0.04591488838195801 1651.0506286621094
0.0438840389251709 1651.0744018554688
0.055322885513305664 1651.1081848144531
0.06360125541687012 1651.0036315917969
0.08774495124816895 1651.1303100585938
0.08727073669433594 1651.0135192871094
0.13675498962402344 1651.1322021484375
0.09252405166625977 1651.0169677734375
0.08323907852172852 1651.1296997070312
0.08315920829772949 1651.0222473144531
0.07618904113769531 1651.1172180175781
0.21390104293823242 1651.0434875488281
0.10969877243041992 1651.08447265625
0.07976698875427246 1651.0940856933594
0.08626818656921387 1651.0198364257812
0.12500810623168945 1651.1401062011719
0.27317285537719727 1650.9880676269531
0.0778350830078125 1651.1193542480469
0.0669407844543457 1651.0434875488281
0.06900501251220703 1651.0885925292969
0.061170339584350586 1651.0887756347656
0.06628799438476562 1651.0271911621094
0.06086587905883789 1651.1443176269531
0.06526684761047363 1650.9770202636719
0.0627739429473877 1651.1139831542969
0.06293892860412598 1651.0528564453125
0.06546783447265625 1651.0756225585938
0.06181025505065918 1651.1087341308594
0.05126500129699707 1651.0036010742188
0.056815147399902344 1651.1297607421875
0.06972599029541016 1651.0150146484375
0.062148094177246094 1651.1326599121094
0.05822491645812988 1651.01611328125
0.058281898498535156 1651.1305847167969
0.06616592407226562 1651.0211486816406
0.05611991882324219 1651.1183166503906
0.043888092041015625 1651.0421752929688
0.04471468925476074 1651.0858764648438
0.043906211853027344 1651.0923767089844
0.04396390914916992 1651.0216674804688
0.04415631294250488 1651.1411743164062
0.043688058853149414 1650.9855041503906
0.04390692710876465 1651.1178894042969
0.04385519027709961 1651.0463256835938
0.043878793716430664 1651.0841064453125
0.04407310485839844 1651.0958557128906
0.044158935546875 1651.0184631347656
0.04395604133605957 1651.1388854980469
0.04381513595581055 1650.9914245605469
0.043447017669677734 1651.120849609375
0.0439000129699707 1651.0408325195312
0.04380011558532715 1651.0923156738281
0.04372715950012207 1651.0831604003906
0.06616401672363281 1651.0337829589844
0.043801069259643555 1651.1479187011719
0.05065608024597168 1650.9666748046875
0.04995608329772949 1651.1085815429688
0.0493321418762207 1651.0623474121094
0.04918098449707031 1651.0629272460938
0.048815011978149414 1651.1256103515625
0.04836606979370117 1650.9859924316406
0.048604726791381836 1651.1178588867188
0.06635189056396484 1651.0433959960938
0.052185773849487305 1651.0966491699219
0.05735921859741211 1651.0740051269531
0.0761101245880127 1651.0487060546875
0.08210611343383789 1651.1343994140625
0.09583210945129395 1650.9824523925781
0.06104898452758789 1651.1155700683594
0.05736184120178223 1651.0492553710938
0.05630326271057129 1651.0845947265625
0.046364784240722656 1651.0932922363281
0.04429817199707031 1651.0238647460938
0.046540021896362305 1651.1422119140625
0.047068119049072266 1650.9822692871094
0.047430992126464844 1651.1174011230469
0.043855905532836914 1651.0459289550781
0.0440671443939209 1651.0869445800781
0.04403567314147949 1651.0906372070312
0.04397296905517578 1651.0256958007812
0.04400491714477539 1651.1436462402344
0.0444333553314209 1650.9779968261719
0.04410290718078613 1651.1153259277344
0.04416608810424805 1651.0493774414062
0.04380607604980469 1651.0823974609375
0.04397010803222656 1651.0975952148438
0.043910980224609375 1651.0173034667969
0.04385685920715332 1651.1386108398438
0.0439453125 1650.9911499023438
0.043868064880371094 1651.121826171875
0.043756723403930664 1651.0376892089844
0.0439600944519043 1651.0994567871094
0.044033050537109375 1651.0705871582031
0.043678998947143555 1651.0505981445312
0.04427218437194824 1651.1338500976562
0.050002098083496094 1650.9801635742188
0.04874610900878906 1651.11474609375
0.04921889305114746 1651.0499267578125
0.048531293869018555 1651.0859985351562
0.045185089111328125 1651.0903015136719
0.044181108474731445 1651.028564453125
0.05080127716064453 1651.1452026367188
0.0463101863861084 1650.9739990234375
0.04830217361450195 1651.1139831542969
0.04594993591308594 1651.0510864257812
0.045686960220336914 1651.0810546875
0.04831194877624512 1651.0994873046875
0.04940009117126465 1651.0153198242188
0.04902482032775879 1651.1376953125
0.04980182647705078 1650.9930725097656
0.04842996597290039 1651.1233215332031
0.04488706588745117 1651.0340270996094
0.04863381385803223 1651.1064453125
0.04540896415710449 1651.0584106445312
0.044969797134399414 1651.0676574707031
0.04890775680541992 1651.1153869628906
0.046958208084106445 1650.9973449707031
0.05242490768432617 1651.1270446777344
0.08118700981140137 1651.0210266113281
0.07354593276977539 1651.1366882324219
0.06547689437866211 1651.0059204101562
0.05765819549560547 1651.1307678222656
0.06696009635925293 1651.0198974609375
0.058747053146362305 1651.1235961914062
0.05615115165710449 1651.0313110351562
0.05699419975280762 1651.1053161621094
0.052484989166259766 1651.0608215332031
0.0440521240234375 1651.0620727539062
0.04393601417541504 1651.1230773925781
0.04416799545288086 1650.9887084960938
0.04392695426940918 1651.1210632324219
0.04382586479187012 1651.0353393554688
0.043840885162353516 1651.1114807128906
0.04384803771972656 1651.0488586425781
0.04356694221496582 1651.0838623046875
0.043898820877075195 1651.0918273925781
0.04395413398742676 1651.0262451171875
0.04389190673828125 1651.1441345214844
0.044217824935913086 1650.976806640625
0.04395699501037598 1651.1155395507812
0.04449009895324707 1651.0482482910156
0.043988943099975586 1651.0852966308594
0.043914079666137695 1651.0928039550781
0.04387664794921875 1651.0237121582031
0.044083356857299805 1651.1426696777344
0.04392719268798828 1650.9798889160156
0.04366326332092285 1651.1169738769531
0.04379582405090332 1651.045654296875
0.05254817008972168 1651.0894775390625
0.05122017860412598 1651.0858764648438
0.053256988525390625 1651.0324401855469
0.04809689521789551 1651.1476440429688
0.059130191802978516 1650.9660339355469
0.05204200744628906 1651.1100769042969
0.05110979080200195 1651.0575866699219
0.047969818115234375 1651.0728454589844
0.043988943099975586 1651.1116943359375
0.10548925399780273 1651.0010070800781
0.045918941497802734 1651.1289978027344
0.09220194816589355 1651.0156555175781
0.13891100883483887 1651.1342163085938
0.10157012939453125 1651.0109252929688
0.08962011337280273 1651.1327514648438
0.045005083084106445 1651.0156860351562
0.044950008392333984 1651.1307373046875
0.07327580451965332 1651.0194702148438
0.08827495574951172 1651.1230163574219
0.08160114288330078 1651.0326232910156
0.04524517059326172 1651.1025695800781
0.045031070709228516 1651.0657043457031
0.04505419731140137 1651.0552978515625
0.04499316215515137 1651.1299438476562
0.04506492614746094 1650.9828186035156
0.04629397392272949 1651.1165161132812
0.0452878475189209 1651.0464477539062
0.04482412338256836 1651.0915832519531
0.04493069648742676 1651.0814514160156
0.044973134994506836 1651.0397338867188
0.051422119140625 1651.1462707519531
0.05310511589050293 1650.9660034179688
0.04682183265686035 1651.1091918945312
0.04494881629943848 1651.0599365234375
0.04501795768737793 1651.0690002441406
0.04669189453125 1651.1169738769531
0.048239707946777344 1650.9953002929688
0.047181129455566406 1651.1249694824219
0.04826688766479492 1651.0259399414062
0.047548770904541016 1651.1284790039062
0.048262834548950195 1651.0203247070312
0.05398201942443848 1651.1275634765625
0.05608701705932617 1651.0231628417969
0.0804908275604248 1651.1194763183594
0.07975101470947266 1651.0372619628906
0.06621265411376953 1651.0968322753906
0.054155826568603516 1651.0740356445312
0.058490753173828125 1651.0455017089844
0.0521090030670166 1651.1407775878906
0.0852959156036377 1650.9707946777344
0.05311298370361328 1651.1106872558594
0.052078962326049805 1651.0571899414062
0.04469585418701172 1651.0743103027344
0.046319007873535156 1651.1088562011719
0.04644608497619629 1651.0054626464844
0.04694700241088867 1651.1311645507812
0.044780731201171875 1651.0108337402344
0.04495096206665039 1651.1315612792969
0.04643988609313965 1651.0171813964844
0.04670310020446777 1651.1316223144531
0.0504450798034668 1651.0175170898438
0.06208515167236328 1651.1270141601562
0.07132220268249512 1651.0260620117188
0.05360698699951172 1651.1123962402344
0.054121971130371094 1651.0501708984375
0.05338478088378906 1651.076171875
0.05421113967895508 1651.1055297851562
0.04472494125366211 1651.0070495605469
0.04651904106140137 1651.132568359375
0.045639991760253906 1651.0073852539062
0.04611611366271973 1651.1294250488281
0.044790029525756836 1651.0223083496094
0.047846078872680664 1651.1222534179688
0.05372214317321777 1651.0338134765625
0.052294254302978516 1651.1014709472656
0.05163097381591797 1651.0674438476562
0.05431389808654785 1651.0531921386719
0.05480599403381348 1651.1317443847656
0.05507779121398926 1650.98193359375
0.06371903419494629 1651.1153869628906
0.0811460018157959 1651.0490417480469
0.07617402076721191 1651.086669921875
0.06513833999633789 1651.0895385742188
0.05925703048706055 1651.029296875
0.05313611030578613 1651.1454162597656
0.0530400276184082 1650.9742126464844
0.04542112350463867 1651.113525390625
0.04583930969238281 1651.0526733398438
0.04458785057067871 1651.0774230957031
0.044869184494018555 1651.105712890625
0.04490780830383301 1651.00732421875
0.046755075454711914 1651.1324768066406
0.04535698890686035 1651.0070190429688
0.04471898078918457 1651.1294555664062
0.0447390079498291 1651.0218505859375
0.04469799995422363 1651.1239318847656
0.05459308624267578 1651.0305480957031
0.05847883224487305 1651.1073303222656
0.059494972229003906 1651.0575866699219
0.050672054290771484 1651.066650390625
0.0457758903503418 1651.1172485351562
0.12105202674865723 1650.9949340820312
0.04830789566040039 1651.1248779296875
0.07483291625976562 1651.0266418457031
0.06735610961914062 1651.1260375976562
0.08389401435852051 1651.02490234375
0.05520486831665039 1651.1195373535156
0.054460763931274414 1651.0367126464844
0.052648067474365234 1651.0986633300781
0.04668092727661133 1651.0709838867188
0.04522824287414551 1651.0497741699219
0.04570603370666504 1651.1348571777344
0.04521489143371582 1650.9788818359375
0.04503607749938965 1651.1141052246094
0.04493093490600586 1651.0510864257812
0.0450749397277832 1651.0838012695312
0.044816017150878906 1651.0941467285156
0.04514193534851074 1651.0235290527344
0.0572509765625 1651.1421203613281
0.05973386764526367 1650.982177734375
0.07722210884094238 1651.1178588867188
0.07433128356933594 1651.0445556640625
0.10666012763977051 1651.0899658203125
0.10038208961486816 1651.0853881835938
0.051920175552368164 1651.0326232910156
0.0451807975769043 1651.1476135253906
0.04458904266357422 1650.9663391113281
0.04474377632141113 1651.1098937988281
0.04463076591491699 1651.0583801269531
0.04929780960083008 1651.0711669921875
0.04727911949157715 1651.1141967773438
0.049011945724487305 1650.9981079101562
0.050512075424194336 1651.1269226074219
0.14966297149658203 1651.0211791992188
0.21508407592773438 1651.1365051269531
0.08572006225585938 1651.0066223144531
0.06416511535644531 1651.1307678222656
0.05229973793029785 1651.0202026367188
0.04844307899475098 1651.1224975585938
0.044589996337890625 1651.0334777832031
0.043788909912109375 1651.1014404296875
0.04940390586853027 1651.0674438476562
0.06148576736450195 1651.05322265625
0.09348392486572266 1651.1318054199219
0.09214901924133301 1650.9813537597656
0.10099387168884277 1651.1153869628906
0.10642290115356445 1651.0486450195312
0.0528569221496582 1651.087890625
0.06514406204223633 1651.0873107910156
0.1346268653869629 1651.0322875976562
0.09344482421875 1651.1472473144531
0.06621885299682617 1650.9686584472656
0.08313488960266113 1651.1109008789062
0.09925699234008789 1651.0568237304688
0.05741000175476074 1651.0723876953125
0.044364213943481445 1651.1127319335938
0.043733835220336914 1650.9994201660156
0.04412102699279785 1651.1276550292969
0.04465913772583008 1651.01953125
0.0437169075012207 1651.1356506347656
0.04380679130554199 1651.008544921875
0.04401373863220215 1651.1314086914062
0.04457283020019531 1651.0191345214844
0.04387187957763672 1651.1238403320312
0.04393815994262695 1651.0316467285156
0.045986175537109375 1651.1036987304688
0.04534769058227539 1651.0641174316406
0.04391598701477051 1651.0570983886719
0.04374194145202637 1651.1283569335938
0.044220924377441406 1650.9839782714844
0.04982876777648926 1651.1172790527344
0.044416189193725586 1651.044677734375
0.04437708854675293 1651.0946044921875
0.04529595375061035 1651.0768127441406
0.04681539535522461 1651.0454711914062
0.04399895668029785 1651.1384887695312
0.047492027282714844 1650.9765014648438
0.04705691337585449 1651.1134643554688
0.04717278480529785 1651.0523986816406
0.08154797554016113 1651.0805969238281
0.13318586349487305 1651.0996704101562
0.09259486198425293 1651.0160827636719
0.06847095489501953 1651.1377258300781
0.08524799346923828 1650.9933776855469
0.09251523017883301 1651.1232299804688
0.12595129013061523 1651.0345764160156
0.35256290435791016 1651.1048278808594
0.11005687713623047 1651.0615539550781
0.07642602920532227 1651.0626831054688
0.05582284927368164 1651.1215515136719
0.06559300422668457 1650.990966796875
0.1602318286895752 1651.1226806640625
0.050904035568237305 1651.0315856933594
0.04979276657104492 1651.1182861328125
0.04654502868652344 1651.0372314453125
0.09164309501647949 1651.1019897460938
0.05511307716369629 1651.0640869140625
0.05344223976135254 1651.0608825683594
0.1509561538696289 1651.1222534179688
0.08747696876525879 1650.9915161132812
0.05383610725402832 1651.1230773925781
0.05470919609069824 1651.030517578125
0.05628776550292969 1651.1201782226562
0.05492401123046875 1651.0337219238281
0.0605471134185791 1651.1080322265625
0.06319689750671387 1651.0538024902344
0.06319785118103027 1651.0756225585938
0.055201053619384766 1651.1036682128906
0.05459785461425781 1651.0115661621094
0.05930209159851074 1651.1358032226562
0.07425212860107422 1650.9980163574219
0.06487679481506348 1651.1264038085938
0.06699109077453613 1651.0269775390625
0.06983494758605957 1651.1188049316406
0.06637907028198242 1651.037109375
0.06514382362365723 1651.1004028320312
0.0627739429473877 1651.0668640136719
0.060949087142944336 1651.0566711425781
0.0639798641204834 1651.1270141601562
0.05323171615600586 1650.9861145019531
0.04420185089111328 1651.1199645996094
0.0447232723236084 1651.037353515625
0.04430985450744629 1651.1090393066406
0.04461789131164551 1651.0519104003906
0.055216073989868164 1651.0807495117188
0.0842280387878418 1651.0956420898438
0.07627487182617188 1651.0221862792969
0.05070209503173828 1651.1421203613281
0.0442509651184082 1650.9810180664062
0.04417109489440918 1651.11865234375
0.044074058532714844 1651.0415344238281
0.09884500503540039 1651.097412109375
0.04952812194824219 1651.0723266601562
0.0681459903717041 1651.0508422851562
0.1159982681274414 1651.1326904296875
0.051149845123291016 1650.9810180664062
0.09319710731506348 1651.1167297363281
0.07201409339904785 1651.0444641113281
0.05291414260864258 1651.0972900390625
0.04393291473388672 1651.0706481933594
0.04373025894165039 1651.0555419921875
0.0448298454284668 1651.1266784667969
0.0443730354309082 1650.9882507324219
0.04482603073120117 1651.1217956542969
0.043965816497802734 1651.0327453613281
0.0442957878112793 1651.11767578125
0.04450583457946777 1651.0362854003906
0.04388904571533203 1651.1064453125
0.04421186447143555 1651.0546569824219
0.04474806785583496 1651.0765380859375
0.04460406303405762 1651.1008911132812
0.04387998580932617 1651.015869140625
0.04481792449951172 1651.138916015625
0.04443502426147461 1650.988525390625
0.04457592964172363 1651.1230773925781
0.04381895065307617 1651.0321350097656
0.044270992279052734 1651.1136474609375
0.044380903244018555 1651.0439147949219
0.04415392875671387 1651.0929260253906
0.044053077697753906 1651.0765686035156
0.04396700859069824 1651.0465698242188
0.04435014724731445 1651.1367797851562
0.043375253677368164 1650.9758911132812
0.044290781021118164 1651.1152038574219
0.043673038482666016 1651.0465087890625
0.043988943099975586 1651.0950927734375
0.04361104965209961 1651.0738220214844
0.04350781440734863 1651.0521545410156
0.04413008689880371 1651.1300048828125
0.04420113563537598 1650.9844970703125
0.04517197608947754 1651.1200561523438
0.044358015060424805 1651.0361328125
0.044309139251708984 1651.11328125
0.044564008712768555 1651.0426330566406
0.04447174072265625 1651.0980834960938
0.2699270248413086 1651.0668640136719
0.051323890686035156 1651.0614624023438
0.0442049503326416 1651.1192626953125
0.04406404495239258 1650.9954223632812
0.04587697982788086 1651.1273498535156
0.044242143630981445 1651.0185852050781
0.04411602020263672 1651.1375427246094
0.04386186599731445 1651.0008850097656
0.04438495635986328 1651.1309814453125
0.043762922286987305 1651.0158996582031
0.043831825256347656 1651.13623046875
0.04385685920715332 1651.0057067871094
0.04430389404296875 1651.1321716308594
0.04401993751525879 1651.014892578125
0.0440981388092041 1651.1351013183594
0.04399514198303223 1651.0093383789062
0.043882131576538086 1651.1328430175781
0.04458427429199219 1651.0146179199219
0.04394197463989258 1651.1332397460938
0.07909178733825684 1651.0141296386719
0.046935081481933594 1651.1329956054688
0.045591115951538086 1651.0150451660156
0.04417610168457031 1651.1304931640625
0.04412698745727539 1651.0199890136719
0.1337909698486328 1651.1217956542969
0.05492997169494629 1651.0345458984375
0.04438614845275879 1651.0995178222656
0.044309139251708984 1651.0706176757812
0.04440808296203613 1651.0490417480469
0.044274330139160156 1651.1367492675781
0.04446101188659668 1650.9756469726562
0.04445910453796387 1651.1124572753906
0.04445505142211914 1651.0542602539062
0.04431796073913574 1651.0787048339844
0.04460000991821289 1651.1022338867188
0.0443120002746582 1651.0134582519531
0.04479694366455078 1651.1358947753906
0.045706987380981445 1650.9985961914062
0.04395318031311035 1651.1255493164062
0.0475311279296875 1651.0299987792969
0.04421496391296387 1651.1113586425781
0.04381895065307617 1651.0510559082031
0.043779850006103516 1651.0771179199219
0.32654428482055664 1651.1032409667969
0.047280073165893555 1651.0106506347656
0.04448580741882324 1651.1349182128906
0.044011831283569336 1651.0009765625
0.044293880462646484 1651.1267700195312
394.26362228393555 1651.0271606445312
