0.13600707054138184 7103.810531616211
0.13600683212280273 7278.583053588867
0.13557982444763184 7451.848388671875
0.1423490047454834 7625.762924194336
0.13683271408081055 7801.957672119141
0.13557100296020508 7980.322845458984
0.13635897636413574 8162.784332275391
0.13686609268188477 8348.081481933594
0.13641786575317383 8536.640686035156
0.13699030876159668 8726.85122680664
0.13532614707946777 8917.851379394531
0.1362001895904541 9109.39370727539
0.10983777046203613 9299.230407714844
0.14036989212036133 9487.00717163086
0.1371169090270996 9670.559295654297
0.1401810646057129 9849.856567382812
0.13581109046936035 10027.488311767578
0.1362621784210205 10202.827026367188
0.1357710361480713 10374.40576171875
0.13896608352661133 10540.570404052734
0.13612699508666992 10654.65835571289
0.13716769218444824 10747.963134765625
0.1391899585723877 10820.033416748047
0.13491106033325195 10873.166595458984
0.13626408576965332 10928.795837402344
0.1389329433441162 10967.355499267578
0.13660025596618652 11000.872161865234
0.13673663139343262 11034.097137451172
0.13546490669250488 11063.271881103516
0.13618206977844238 11068.451080322266
0.1428680419921875 11071.053466796875
0.13665413856506348 11075.256805419922
0.136948823928833 11080.369873046875
0.13584470748901367 11086.015106201172
0.13560700416564941 11091.692962646484
0.13711810111999512 11096.621063232422
0.13663411140441895 11100.532135009766
0.13663101196289062 11103.53515625
0.13588404655456543 11104.596893310547
0.13655996322631836 11104.317291259766
0.13657808303833008 11104.131561279297
0.13531088829040527 11104.34912109375
0.1358647346496582 11104.92953491211
0.1359093189239502 11105.747131347656
0.1356058120727539 11106.675872802734
0.13614177703857422 11107.581420898438
0.1392078399658203 11108.358154296875
0.1359570026397705 11108.94937133789
0.13707518577575684 11109.371978759766
0.13595008850097656 11109.67367553711
0.136613130569458 11109.928466796875
0.13814711570739746 11110.207885742188
0.13712525367736816 11110.581634521484
0.11035704612731934 11111.059844970703
0.1358799934387207 11111.60513305664
0.13593602180480957 11112.173461914062
0.13568687438964844 11112.715606689453
0.13527798652648926 11113.212951660156
0.1363828182220459 11113.672088623047
0.13637113571166992 11114.050537109375
0.13510513305664062 11114.351684570312
0.13577008247375488 11114.641967773438
0.1364147663116455 11114.917938232422
0.14599394798278809 11115.158721923828
0.1385347843170166 11115.35043334961
0.1363239288330078 11115.493560791016
0.13593292236328125 11115.610595703125
0.13724207878112793 11115.735076904297
0.11060976982116699 11115.855346679688
0.13832497596740723 11115.96353149414
0.13708209991455078 11116.061889648438
0.13570499420166016 11116.15737915039
0.1376209259033203 11116.256317138672
0.1361699104309082 11116.362182617188
0.1361699104309082 11116.474395751953
0.1357100009918213 11116.59310913086
0.1351926326751709 11116.705139160156
0.13563895225524902 11116.802734375
0.1371450424194336 11116.885192871094
0.1352999210357666 11116.954162597656
0.1381080150604248 11117.014221191406
0.14002299308776855 11117.064514160156
0.1365337371826172 11117.1083984375
0.13777470588684082 11117.156860351562
0.13693594932556152 11117.213256835938
0.1375141143798828 11117.280334472656
0.13726496696472168 11117.35791015625
0.13622784614562988 11117.443725585938
0.13579225540161133 11117.53530883789
0.13579583168029785 11117.630737304688
0.13570594787597656 11117.727264404297
0.13667631149291992 11117.824249267578
0.13695597648620605 11117.923431396484
0.13663101196289062 11118.026733398438
0.13717293739318848 11118.135192871094
0.13568997383117676 11118.247680664062
0.18827509880065918 11118.36328125
0.1363239288330078 11118.475677490234
0.13541293144226074 11118.58169555664
0.13582181930541992 11118.681427001953
0.13694310188293457 11118.77700805664
0.1377577781677246 11118.871368408203
0.13608288764953613 11118.966186523438
0.13706493377685547 11119.062042236328
0.13631105422973633 11119.158569335938
0.13580012321472168 11119.254425048828
0.13720440864562988 11119.347106933594
0.1366868019104004 11119.41879272461
0.14102411270141602 11119.480560302734
0.10912418365478516 11119.550567626953
0.13733887672424316 11119.62905883789
0.137847900390625 11119.719848632812
0.13629794120788574 11119.796203613281
0.13591790199279785 11119.853088378906
0.1374049186706543 11119.877136230469
0.13687491416931152 11119.886352539062
0.13668584823608398 11119.883087158203
0.13608407974243164 11119.87875366211
0.13730716705322266 11119.881317138672
0.13742589950561523 11119.89047241211
0.13653206825256348 11119.905242919922
0.13667798042297363 11119.923156738281
0.1356511116027832 11119.942199707031
0.13647913932800293 11119.961639404297
0.10884785652160645 11119.980773925781
0.13891220092773438 11119.976531982422
0.13747119903564453 11119.974731445312
0.1356360912322998 11119.99057006836
0.13582396507263184 11120.020263671875
0.13625597953796387 11120.056884765625
0.13686776161193848 11120.07876586914
0.13524723052978516 11120.046630859375
0.13782119750976562 11119.978637695312
0.13570594787597656 11119.89877319336
0.13540887832641602 11119.825561523438
0.13534998893737793 11119.775817871094
0.13666510581970215 11119.75814819336
0.13979315757751465 11119.774322509766
0.13701987266540527 11119.820495605469
0.13612103462219238 11119.891998291016
0.13620805740356445 11119.976989746094
0.13639402389526367 11120.046966552734
0.13629603385925293 11120.080596923828
0.1368541717529297 11120.094421386719
0.13752222061157227 11120.105224609375
0.13691210746765137 11120.119873046875
0.13553524017333984 11120.12973022461
0.13694119453430176 11120.115936279297
0.13882184028625488 11120.071533203125
0.13714218139648438 11120.038818359375
0.13645529747009277 11120.03662109375
0.1371147632598877 11120.013275146484
0.13763904571533203 11120.018615722656
0.13626909255981445 11120.064910888672
0.23534274101257324 11120.13363647461
