0.11444091796875 6144.39680480957
0.10065984725952148 6300.052963256836
0.1309049129486084 6456.550552368164
0.10133600234985352 6614.012069702148
0.13090276718139648 6773.063491821289
0.10127806663513184 6934.643005371094
0.1306619644165039 7099.530670166016
0.1013479232788086 7266.9239501953125
0.13010716438293457 7436.346710205078
0.10087394714355469 7606.796691894531
0.1300048828125 7776.822265625
0.10129427909851074 7946.6065673828125
0.10080575942993164 8113.063446044922
0.12973809242248535 8272.753723144531
0.10059189796447754 8425.865356445312
0.15259313583374023 8577.816833496094
0.1118326187133789 8731.96566772461
0.1297440528869629 8886.260498046875
0.10069680213928223 9041.193634033203
0.1300511360168457 9190.807586669922
0.13335609436035156 9296.151062011719
0.13034796714782715 9377.759094238281
0.10091185569763184 9428.490509033203
0.13026928901672363 9474.84194946289
0.10169315338134766 9504.235260009766
0.10391807556152344 9529.843627929688
0.12986493110656738 9556.522918701172
0.10079288482666016 9577.494842529297
0.1298511028289795 9590.275421142578
0.10064506530761719 9593.032928466797
0.1327528953552246 9598.314666748047
0.1012580394744873 9604.652923583984
0.13016796112060547 9611.193145751953
0.1005091667175293 9616.801239013672
0.13054418563842773 9620.991455078125
0.10210609436035156 9623.2939453125
0.13695812225341797 9622.67593383789
0.13008689880371094 9621.733489990234
0.10053300857543945 9621.37612915039
0.12962603569030762 9621.737213134766
0.10097479820251465 9622.6640625
0.13014984130859375 9623.786651611328
0.10121393203735352 9624.732238769531
0.13267207145690918 9625.312377929688
0.10057497024536133 9625.575073242188
0.13045501708984375 9625.7275390625
0.10089302062988281 9625.994171142578
0.10101199150085449 9626.495422363281
0.13255882263183594 9627.202911376953
0.12970399856567383 9627.978515625
0.10051107406616211 9628.663330078125
0.13030195236206055 9629.152587890625
0.10081791877746582 9629.444396972656
0.1305232048034668 9629.626922607422
0.10107803344726562 9629.800994873047
0.1306009292602539 9630.043975830078
0.10123896598815918 9630.337493896484
0.1196589469909668 9630.628601074219
0.12965917587280273 9630.89028930664
0.10098505020141602 9631.03189086914
0.13016724586486816 9631.150848388672
0.10098409652709961 9631.27133178711
0.12973594665527344 9631.407196044922
0.12801837921142578 9631.565826416016
0.12985491752624512 9631.742950439453
0.10047101974487305 9631.923614501953
0.1299889087677002 9632.08822631836
0.10112690925598145 9632.22314453125
0.10101890563964844 9632.323608398438
0.13031220436096191 9632.394927978516
0.10761094093322754 9632.446960449219
0.1497809886932373 9632.490905761719
0.10077190399169922 9632.534484863281
0.1335587501525879 9632.580749511719
0.10144209861755371 9632.630340576172
0.13131499290466309 9632.680450439453
0.10029006004333496 9632.730010986328
0.12987995147705078 9632.77880859375
0.1719508171081543 9632.827941894531
0.10158109664916992 9632.878448486328
0.1306438446044922 9632.933624267578
0.10052704811096191 9632.995635986328
0.12976908683776855 9633.06674194336
0.10079216957092285 9633.149139404297
0.12984991073608398 9633.244415283203
0.10035014152526855 9633.352630615234
0.12970185279846191 9633.473754882812
0.10048580169677734 9633.605041503906
0.1295311450958252 9633.741790771484
0.1004488468170166 9633.878204345703
0.12948918342590332 9634.011505126953
0.10099601745605469 9634.140869140625
0.10077071189880371 9634.264617919922
0.1300809383392334 9634.380187988281
0.12921500205993652 9634.485534667969
0.10830497741699219 9634.579711914062
0.12239813804626465 9634.663452148438
0.09679174423217773 9634.739990234375
0.1223900318145752 9634.813049316406
0.09753870964050293 9634.883117675781
0.1275501251220703 9634.944793701172
0.10061120986938477 9635.011627197266
0.09683609008789062 9635.08657836914
0.12232089042663574 9635.174591064453
0.09696197509765625 9635.23828125
0.12217497825622559 9635.268859863281
0.09692811965942383 9635.28579711914
0.21290874481201172 9635.301177978516
0.0960240364074707 9635.319763183594
0.12274980545043945 9635.34390258789
0.09615182876586914 9635.372314453125
0.12278294563293457 9635.401947021484
0.09690403938293457 9635.430603027344
0.09530496597290039 9635.456726074219
0.1272261142730713 9635.479675292969
0.09589099884033203 9635.500427246094
0.12287402153015137 9635.519836425781
0.09564709663391113 9635.537536621094
0.13017487525939941 9635.553192138672
0.09621810913085938 9635.566650390625
0.12987899780273438 9635.577453613281
0.09724187850952148 9635.585906982422
0.12181878089904785 9635.592010498047
0.10042405128479004 9635.59716796875
0.09596586227416992 9635.601654052734
0.12281107902526855 9635.605163574219
0.0952761173248291 9635.606811523438
0.12321901321411133 9635.608520507812
0.09528994560241699 9635.612609863281
0.12301778793334961 9635.620208740234
0.09537410736083984 9635.63119506836
0.1226339340209961 9635.644500732422
0.09531593322753906 9635.655517578125
0.12189912796020508 9635.660858154297
0.2870049476623535 9635.662658691406
0.12177467346191406 9635.663055419922
0.09557676315307617 9635.663024902344
0.095458984375 9635.662811279297
0.12270116806030273 9635.661346435547
0.1232750415802002 9635.659088134766
0.0952908992767334 9635.65560913086
0.12430691719055176 9635.65234375
0.09616518020629883 9635.65023803711
0.12341690063476562 9635.651489257812
0.09639501571655273 9635.656188964844
0.12274718284606934 9635.665802001953
0.10280990600585938 9635.6806640625
0.09524917602539062 9635.700378417969
0.12245321273803711 9635.723510742188
0.10355997085571289 9635.734405517578
0.12184500694274902 9635.74771118164
0.09609389305114746 9635.774017333984
0.12176823616027832 9635.808319091797
0.0957651138305664 9635.845916748047
0.12258291244506836 9635.872009277344
0.09585309028625488 9635.87808227539
0.12273526191711426 9635.878601074219
0.09640717506408691 9635.880767822266
0.09465909004211426 9635.889739990234
0.12206101417541504 9635.908721923828
0.09506702423095703 9635.936309814453
0.12242627143859863 9635.967834472656
0.09496378898620605 9635.99740600586
0.12233304977416992 9636.016296386719
0.12639784812927246 9636.022491455078
0.12182211875915527 9636.018859863281
0.0943601131439209 9636.007385253906
0.12250709533691406 9635.948944091797
0.10150885581970215 9635.889465332031
0.09523415565490723 9635.851440429688
0.1228342056274414 9635.832214355469
0.09504580497741699 9635.828369140625
0.12260603904724121 9635.827911376953
0.09489607810974121 9635.828643798828
0.12406420707702637 9635.82827758789
0.09448599815368652 9635.82308959961
0.12327003479003906 9635.82162475586
0.09503006935119629 9635.833679199219
0.12270593643188477 9635.858306884766
0.09495091438293457 9635.871002197266
0.1231379508972168 9635.865753173828
0.09470200538635254 9635.85400390625
0.10790491104125977 9635.821197509766
0.12249517440795898 9635.798309326172
0.12280082702636719 9635.794036865234
0.09417605400085449 9635.794403076172
0.12230396270751953 9635.796508789062
0.09708690643310547 9635.792724609375
0.12251806259155273 9635.782684326172
0.09905886650085449 9635.774108886719
0.12314510345458984 9635.77505493164
0.10151195526123047 9635.788482666016
0.09495139122009277 9635.812805175781
0.12275910377502441 9635.843505859375
0.09485268592834473 9635.876281738281
0.12257909774780273 9635.90737915039
0.09601402282714844 9635.934631347656
0.12291479110717773 9635.955047607422
0.09502887725830078 9635.969512939453
