0.11304712295532227 6382.237564086914
0.09955310821533203 6540.998611450195
0.12684273719787598 6699.8355712890625
0.12624192237854004 6859.459426879883
0.10724306106567383 7020.909820556641
0.1311187744140625 7184.662139892578
0.10078597068786621 7351.909515380859
0.12598514556884766 7521.751708984375
0.1014411449432373 7693.987731933594
0.15371203422546387 7867.365692138672
0.09890317916870117 8040.7666015625
0.0996088981628418 8214.205535888672
0.1254405975341797 8385.800598144531
0.0996088981628418 8553.703094482422
0.12834906578063965 8716.778778076172
0.10023689270019531 8877.464416503906
0.1271512508392334 9038.255340576172
0.12666916847229004 9197.635162353516
0.09962081909179688 9355.146026611328
0.1253969669342041 9506.427124023438
0.10050582885742188 9611.613311767578
0.12559795379638672 9695.574615478516
0.10086297988891602 9751.137084960938
0.0999460220336914 9800.013610839844
0.12463712692260742 9837.53369140625
0.09893608093261719 9865.39126586914
0.12582015991210938 9893.089721679688
0.09977197647094727 9917.644775390625
0.12644600868225098 9930.92056274414
0.10654592514038086 9933.191497802734
0.1259448528289795 9936.766662597656
0.12587690353393555 9942.317596435547
0.09989619255065918 9948.78628540039
0.1254420280456543 9954.706481933594
0.10000205039978027 9959.109893798828
0.0989527702331543 9962.083099365234
0.12546777725219727 9963.016143798828
0.1006770133972168 9962.72720336914
0.15085291862487793 9963.250274658203
0.1019289493560791 9964.514343261719
0.1276707649230957 9966.028930664062
0.10513091087341309 9967.210906982422
0.12731218338012695 9967.742553710938
0.1259629726409912 9967.73764038086
0.09943675994873047 9967.518432617188
0.12505578994750977 9967.33740234375
0.09912681579589844 9967.351593017578
0.10037612915039062 9967.630615234375
0.12508225440979004 9968.122283935547
0.09984803199768066 9968.732421875
0.12623095512390137 9969.343322753906
0.10127496719360352 9969.873291015625
0.12548613548278809 9970.322387695312
0.1303422451019287 9970.748840332031
0.12549972534179688 9971.191467285156
0.12621808052062988 9971.652862548828
0.09736800193786621 9972.082061767578
0.12509799003601074 9972.457092285156
0.09866023063659668 9972.776916503906
0.21789789199829102 9972.977111816406
0.12645483016967773 9973.083679199219
0.09960389137268066 9973.180145263672
0.12616515159606934 9973.302124023438
0.09922099113464355 9973.434600830078
0.12618207931518555 9973.561828613281
0.09950494766235352 9973.670104980469
0.1270458698272705 9973.714538574219
0.1260080337524414 9973.724365234375
0.09945082664489746 9973.756561279297
0.12583613395690918 9973.831512451172
0.09837102890014648 9973.945922851562
0.09816884994506836 9974.081237792969
0.12493610382080078 9974.217041015625
0.0990910530090332 9974.338684082031
0.12499785423278809 9974.439880371094
0.09884119033813477 9974.521423339844
0.12533020973205566 9974.587524414062
0.09974980354309082 9974.634826660156
0.12562108039855957 9974.65121459961
0.12457585334777832 9974.668426513672
0.09782624244689941 9974.714447021484
0.1003408432006836 9974.788543701172
0.12535500526428223 9974.87954711914
0.09997916221618652 9974.973876953125
0.12441897392272949 9975.061340332031
0.10033392906188965 9975.130096435547
0.12466716766357422 9975.186218261719
0.09847593307495117 9975.251037597656
0.12547993659973145 9975.337951660156
0.09722113609313965 9975.447204589844
0.12696504592895508 9975.570007324219
0.0975649356842041 9975.695404052734
0.12854623794555664 9975.816131591797
0.1316509246826172 9975.9296875
0.12724804878234863 9976.036804199219
0.09889698028564453 9976.139373779297
0.12537813186645508 9976.23779296875
0.10004782676696777 9976.332427978516
0.12470722198486328 9976.423095703125
0.09972000122070312 9976.510467529297
0.12572288513183594 9976.595275878906
0.10030984878540039 9976.679290771484
0.12497997283935547 9976.763000488281
0.12493014335632324 9976.846618652344
0.09896707534790039 9976.921569824219
0.09864497184753418 9976.966735839844
0.12491273880004883 9976.97396850586
0.09773588180541992 9976.955657958984
0.1250441074371338 9976.925872802734
0.09837698936462402 9976.900268554688
0.12538909912109375 9976.882293701172
0.09791803359985352 9976.871215820312
0.1250770092010498 9976.852233886719
0.09996962547302246 9976.821472167969
0.12546706199645996 9976.795318603516
0.09976601600646973 9976.782104492188
0.1282031536102295 9976.781982421875
0.09903383255004883 9976.77572631836
0.1251821517944336 9976.778289794922
0.0977170467376709 9976.801696777344
0.12459588050842285 9976.83529663086
0.0980682373046875 9976.864868164062
0.12678313255310059 9976.856231689453
0.09837794303894043 9976.837432861328
0.1254117488861084 9976.836181640625
0.09807205200195312 9976.850677490234
0.12578201293945312 9976.880310058594
0.12494015693664551 9976.92544555664
0.09835600852966309 9976.984893798828
0.09988689422607422 9977.051086425781
0.12654805183410645 9977.116271972656
0.09926795959472656 9977.168487548828
0.1250009536743164 9977.193084716797
0.10513615608215332 9977.184478759766
0.12564992904663086 9977.195129394531
0.11249494552612305 9977.240814208984
0.12518596649169922 9977.28921508789
0.19156885147094727 9977.324981689453
0.12467098236083984 9977.349822998047
0.09729290008544922 9977.364379882812
0.12826800346374512 9977.37387084961
0.0987861156463623 9977.383209228516
0.1247708797454834 9977.393005371094
0.09976911544799805 9977.388641357422
0.12437820434570312 9977.368530273438
0.09822225570678711 9977.271759033203
0.2979848384857178 9977.172912597656
0.09943890571594238 9977.123077392578
0.12621378898620605 9977.103607177734
0.09781312942504883 9977.103820800781
0.1257798671722412 9977.110656738281
0.13067913055419922 9977.119415283203
0.09816813468933105 9977.132385253906
0.0988616943359375 9977.151245117188
0.1266777515411377 9977.172882080078
0.09723901748657227 9977.191131591797
0.12457895278930664 9977.211853027344
0.09878993034362793 9977.238708496094
0.12506484985351562 9977.265838623047
0.09864306449890137 9977.284210205078
0.12511920928955078 9977.269256591797
0.09969305992126465 9977.214782714844
0.1259157657623291 9977.155944824219
0.09949493408203125 9977.108703613281
0.1304607391357422 9977.105285644531
0.09800982475280762 9977.141784667969
0.12434101104736328 9977.18978881836
0.09816384315490723 9977.248474121094
0.12435412406921387 9977.292205810547
0.09811091423034668 9977.285827636719
0.12497425079345703 9977.259460449219
0.10507917404174805 9977.234924316406
0.12537097930908203 9977.222290039062
0.09900808334350586 9977.188293457031
0.12592172622680664 9977.1123046875
0.12645578384399414 9977.034118652344
0.09725379943847656 9976.96939086914
0.09880280494689941 9976.899475097656
0.12601494789123535 9976.886993408203
0.10150384902954102 9976.95736694336
0.12550592422485352 9977.08529663086
0.09844303131103516 9977.237579345703
0.1293630599975586 9977.373474121094
0.09923291206359863 9977.453247070312
0.12845206260681152 9977.48599243164
0.09800505638122559 9977.488891601562
0.12824797630310059 9977.475402832031
0.09867286682128906 9977.458923339844
0.1295030117034912 9977.43392944336
0.12697815895080566 9977.35659790039
0.1257648468017578 9977.287322998047
