0.10871410369873047 5660.5126953125
0.09411406517028809 5802.721878051758
0.12410092353820801 5946.194625854492
0.09727215766906738 6090.872787475586
0.1251997947692871 6236.778732299805
0.11838793754577637 6385.314666748047
0.12502288818359375 6536.5987548828125
0.09513211250305176 6690.052886962891
0.122161865234375 6845.2008056640625
0.09506678581237793 7001.082977294922
0.09451913833618164 7155.867614746094
0.1237039566040039 7310.568786621094
0.09571599960327148 7461.7860107421875
0.09496498107910156 7606.960845947266
0.09520196914672852 7746.936370849609
0.09439277648925781 7886.167175292969
0.12456297874450684 8027.292205810547
0.09497427940368652 8168.38427734375
0.12471294403076172 8309.580383300781
0.09465980529785156 8444.82666015625
0.12417006492614746 8540.57406616211
0.09438085556030273 8610.822052001953
0.09532308578491211 8656.437286376953
0.12403368949890137 8696.644561767578
0.09471368789672852 8722.320739746094
0.12350010871887207 8747.68032836914
0.09485602378845215 8768.224822998047
0.12396478652954102 8780.287017822266
0.09784507751464844 8790.389770507812
0.10744714736938477 8792.365112304688
0.0944361686706543 8796.04476928711
0.09619021415710449 8800.113311767578
0.12390685081481934 8804.098876953125
0.09475469589233398 8808.316528320312
0.09554600715637207 8811.841186523438
0.12344789505004883 8813.775848388672
0.09720277786254883 8815.275451660156
0.11958003044128418 8816.328491210938
0.09314203262329102 8816.86083984375
0.12024092674255371 8816.924377441406
0.09390115737915039 8816.694641113281
0.12082576751708984 8816.433074951172
0.0944061279296875 8816.323455810547
0.11912393569946289 8816.441314697266
0.09576082229614258 8816.673919677734
0.10551285743713379 8816.938110351562
0.0958101749420166 8817.286010742188
0.09420514106750488 8817.751678466797
0.1194610595703125 8818.32388305664
0.09517383575439453 8818.97705078125
0.09251689910888672 8819.645294189453
0.12050294876098633 8820.283233642578
0.09228277206420898 8820.86587524414
0.11777687072753906 8821.368682861328
0.10151886940002441 8821.73275756836
0.11786079406738281 8821.90771484375
0.09220314025878906 8821.946868896484
0.09157514572143555 8821.882629394531
0.1169729232788086 8821.79019165039
0.09094381332397461 8821.69564819336
0.11720514297485352 8821.624328613281
0.0898129940032959 8821.597106933594
0.09008002281188965 8821.626586914062
0.09018611907958984 8821.716217041016
0.09099102020263672 8821.859771728516
0.11732721328735352 8822.04345703125
0.0896141529083252 8822.247833251953
0.0890359878540039 8822.452087402344
0.11686515808105469 8822.636627197266
0.08975410461425781 8822.787292480469
0.11622405052185059 8822.896392822266
0.09132170677185059 8822.96322631836
0.11698293685913086 8822.991882324219
0.09116697311401367 8822.993530273438
0.11571216583251953 8822.98648071289
0.0908043384552002 8822.990631103516
0.11561799049377441 8823.018798828125
0.08901119232177734 8823.069854736328
0.08970117568969727 8823.145965576172
0.09286117553710938 8823.244018554688
0.09942984580993652 8823.355346679688
0.11613678932189941 8823.475036621094
0.09048295021057129 8823.597900390625
0.09368205070495605 8823.717590332031
0.12435388565063477 8823.829376220703
0.09469795227050781 8823.930541992188
0.12354516983032227 8824.020568847656
0.09472393989562988 8824.100616455078
0.12541794776916504 8824.172576904297
0.09467196464538574 8824.23892211914
0.1240689754486084 8824.303192138672
0.09536623954772949 8824.369934082031
0.09468913078308105 8824.4443359375
0.1226649284362793 8824.529266357422
0.09583425521850586 8824.626373291016
0.09647202491760254 8824.734436035156
0.09687519073486328 8824.850067138672
0.09642910957336426 8824.957397460938
0.12352919578552246 8825.028991699219
0.09462714195251465 8825.078735351562
0.09467291831970215 8825.104217529297
0.1245429515838623 8825.106964111328
0.09705400466918945 8825.098846435547
0.12362790107727051 8825.09130859375
0.09547686576843262 8825.08822631836
0.12311196327209473 8825.09130859375
0.09455490112304688 8825.100769042969
0.1240839958190918 8825.11508178711
0.0959768295288086 8825.133056640625
0.12371110916137695 8825.147399902344
0.09489893913269043 8825.15478515625
0.09517478942871094 8825.158935546875
0.09499001502990723 8825.163696289062
0.09363579750061035 8825.172912597656
0.12427616119384766 8825.187591552734
0.0939030647277832 8825.206817626953
0.09420180320739746 8825.227935791016
0.1237490177154541 8825.248809814453
0.3030688762664795 8825.267456054688
0.12458395957946777 8825.284271240234
0.09401798248291016 8825.299835205078
0.1229088306427002 8825.316314697266
0.0944671630859375 8825.335845947266
0.12277793884277344 8825.359924316406
0.09399914741516113 8825.390106201172
0.09375 8825.42514038086
0.12598109245300293 8825.46401977539
0.09468603134155273 8825.5048828125
0.09531331062316895 8825.546142578125
0.09447503089904785 8825.586975097656
0.11211895942687988 8825.627136230469
0.12345600128173828 8825.666015625
0.09502792358398438 8825.703430175781
0.12331700325012207 8825.73794555664
0.09483098983764648 8825.768249511719
0.12293386459350586 8825.791687011719
0.09439611434936523 8825.800659179688
0.12228727340698242 8825.78939819336
0.12395119667053223 8825.76351928711
0.09394311904907227 8825.680847167969
0.12220001220703125 8825.575866699219
0.09425997734069824 8825.482482910156
0.12341499328613281 8825.413360595703
0.09421014785766602 8825.38265991211
0.09377408027648926 8825.391326904297
0.09505796432495117 8825.425537109375
0.09381604194641113 8825.450897216797
0.12413597106933594 8825.468536376953
0.09378600120544434 8825.485076904297
0.09421014785766602 8825.500793457031
0.12293004989624023 8825.516662597656
0.09403109550476074 8825.512573242188
0.12262415885925293 8825.471435546875
0.09439206123352051 8825.413208007812
0.12488794326782227 8825.370422363281
0.09476470947265625 8825.36392211914
0.12342715263366699 8825.399139404297
0.09446191787719727 8825.469757080078
0.12276887893676758 8825.5556640625
0.09376788139343262 8825.627075195312
0.09428620338439941 8825.676330566406
0.09484076499938965 8825.701934814453
0.09456682205200195 8825.709869384766
0.12310409545898438 8825.712188720703
0.09457993507385254 8825.717987060547
0.09400796890258789 8825.731658935547
0.12370920181274414 8825.752166748047
0.09408211708068848 8825.772247314453
0.12342619895935059 8825.787689208984
0.09468793869018555 8825.789245605469
0.12346792221069336 8825.733856201172
0.1029050350189209 8825.681701660156
0.09419584274291992 8825.662689208984
0.12843012809753418 8825.663299560547
0.09439682960510254 8825.678497314453
0.12550878524780273 8825.697875976562
0.09455704689025879 8825.724639892578
0.0945281982421875 8825.757568359375
0.09492206573486328 8825.785278320312
0.1089468002319336 8825.804107666016
0.12375783920288086 8825.803131103516
0.0943150520324707 8825.765930175781
0.09433221817016602 8825.730163574219
0.12351083755493164 8825.710876464844
0.09434175491333008 8825.707489013672
0.1248478889465332 8825.702423095703
0.09395718574523926 8825.67025756836
0.12462806701660156 8825.628326416016
0.09410881996154785 8825.585998535156
0.1238100528717041 8825.551208496094
0.09430289268493652 8825.532989501953
0.12377119064331055 8825.537628173828
0.09456276893615723 8825.569122314453
0.09518194198608398 8825.615692138672
0.09512519836425781 8825.653869628906
0.0951390266418457 8825.666717529297
0.12316584587097168 8825.644836425781
0.09396004676818848 8825.579895019531
0.09576916694641113 8825.507354736328
0.12328529357910156 8825.455841064453
0.09534311294555664 8825.442840576172
0.12267088890075684 8825.47543334961
0.0952610969543457 8825.546813964844
0.12274694442749023 8825.644012451172
0.10011410713195801 8825.748168945312
0.12292098999023438 8825.836120605469
0.09443783760070801 8825.873138427734
0.09389495849609375 8825.856140136719
0.12324810028076172 8825.807891845703
0.09360694885253906 8825.716430664062
0.09416818618774414 8825.634674072266
0.0935661792755127 8825.599487304688
0.09355807304382324 8825.611419677734
0.12316489219665527 8825.60952758789
0.09405207633972168 8825.617919921875
0.18944597244262695 8825.636962890625
0.0940859317779541 8825.658111572266
0.12379217147827148 8825.679168701172
0.09384965896606445 8825.695129394531
0.09396481513977051 8825.704559326172
0.1239323616027832 8825.68896484375
0.09427714347839355 8825.65185546875
0.12212491035461426 8825.609954833984
0.0942988395690918 8825.575256347656
0.12355899810791016 8825.52816772461
