0.09909605979919434 5149.9635009765625
0.08772087097167969 5278.592086791992
0.11988186836242676 5409.325927734375
0.08962416648864746 5541.478378295898
0.08774089813232422 5675.012588500977
0.11933684349060059 5811.023284912109
0.08734798431396484 5949.397918701172
0.1178889274597168 6089.2471923828125
0.08801984786987305 6230.543518066406
0.11658430099487305 6371.855163574219
0.09365200996398926 6512.044586181641
0.08864998817443848 6652.357574462891
0.11639595031738281 6790.987152099609
0.08851313591003418 6926.211700439453
0.08759903907775879 7057.444305419922
0.08769893646240234 7186.5618896484375
0.08821392059326172 7315.974517822266
0.11699891090393066 7445.337951660156
0.08775830268859863 7575.250335693359
0.08694291114807129 7699.6905517578125
0.16597986221313477 7786.429962158203
0.08731269836425781 7843.246643066406
0.08817315101623535 7883.019256591797
0.11606502532958984 7908.395080566406
0.08667612075805664 7930.31201171875
0.11653494834899902 7952.049743652344
0.08724617958068848 7965.387878417969
0.08779120445251465 7975.470001220703
0.11644625663757324 7983.279052734375
0.08847713470458984 7984.5345458984375
0.11632680892944336 7987.306304931641
0.08809399604797363 7991.31591796875
0.08813595771789551 7995.812103271484
0.08751988410949707 7998.789001464844
0.0871880054473877 8000.494445800781
0.08771681785583496 8001.821197509766
0.11748290061950684 8002.9852294921875
0.08767199516296387 8004.130798339844
0.08751893043518066 8005.060089111328
0.1175239086151123 8005.338165283203
0.0875701904296875 8004.969757080078
0.11595797538757324 8004.429626464844
0.2075178623199463 8004.196746826172
0.11550498008728027 8004.386413574219
0.08884096145629883 8004.781097412109
0.08754706382751465 8005.264495849609
0.11776304244995117 8005.853454589844
0.08771300315856934 8006.460693359375
0.11713981628417969 8007.064697265625
0.10158801078796387 8007.649383544922
0.08943605422973633 8008.1748046875
0.0870211124420166 8008.588287353516
0.08714604377746582 8008.8026123046875
0.08712387084960938 8008.855438232422
0.11762595176696777 8008.821350097656
0.08776283264160156 8008.760284423828
0.08852195739746094 8008.678680419922
0.1170341968536377 8008.5867919921875
0.08716797828674316 8008.486572265625
0.11749505996704102 8008.401184082031
0.08745026588439941 8008.352294921875
0.1168060302734375 8008.407653808594
0.0878760814666748 8008.595031738281
0.08783888816833496 8008.851745605469
0.11728096008300781 8009.090850830078
0.08948373794555664 8009.254852294922
0.11476492881774902 8009.344146728516
0.08936071395874023 8009.402130126953
0.08930134773254395 8009.467864990234
0.08979105949401855 8009.549591064453
0.08813071250915527 8009.632751464844
0.08879613876342773 8009.701812744141
0.11682510375976562 8009.757629394531
0.0880429744720459 8009.817321777344
0.08873796463012695 8009.898010253906
0.11706304550170898 8010.005859375
0.08788490295410156 8010.131072998047
0.11648392677307129 8010.257232666016
0.09847903251647949 8010.374603271484
0.08916711807250977 8010.481384277344
0.11698675155639648 8010.579620361328
0.08954024314880371 8010.6558837890625
0.11604714393615723 8010.709564208984
0.08809614181518555 8010.769714355469
0.08767986297607422 8010.850158691406
0.11776995658874512 8010.917572021484
0.08859705924987793 8010.979095458984
0.08782505989074707 8011.0653076171875
0.08765530586242676 8011.170227050781
0.0880739688873291 8011.278747558594
0.11590313911437988 8011.373016357422
0.09532499313354492 8011.421356201172
0.08829331398010254 8011.449890136719
0.2795281410217285 8011.476867675781
0.08759665489196777 8011.5130615234375
0.11671972274780273 8011.553375244141
0.08728909492492676 8011.583648681641
0.08753418922424316 8011.602600097656
0.11686086654663086 8011.612854003906
0.08802413940429688 8011.622741699219
0.11632418632507324 8011.6376953125
0.08726978302001953 8011.6578369140625
0.08729791641235352 8011.679992675781
0.11651992797851562 8011.700866699219
0.08751487731933594 8011.719390869141
0.08715009689331055 8011.735626220703
0.08668684959411621 8011.7496337890625
0.10010480880737305 8011.760803222656
0.11958885192871094 8011.768402099609
0.08735275268554688 8011.772979736328
0.08725094795227051 8011.766571044922
0.11808204650878906 8011.747802734375
0.08808279037475586 8011.74560546875
0.08798599243164062 8011.752716064453
0.11694073677062988 8011.756622314453
0.08774113655090332 8011.7557373046875
0.1167459487915039 8011.757720947266
0.08788132667541504 8011.770050048828
0.08778190612792969 8011.794403076172
0.11795496940612793 8011.8275146484375
0.0878450870513916 8011.862731933594
0.11579394340515137 8011.894226074219
0.0874638557434082 8011.924133300781
0.1079249382019043 8011.953216552734
0.08746099472045898 8011.978729248047
0.08812332153320312 8011.998748779297
0.11661195755004883 8012.010345458984
0.08734011650085449 8012.010803222656
0.0880730152130127 8012.003753662109
0.08841800689697266 8011.994354248047
0.11736106872558594 8011.9681396484375
0.08735895156860352 8011.941314697266
0.11648416519165039 8011.9306640625
0.08758711814880371 8011.929718017578
0.11695003509521484 8011.910339355469
0.08748483657836914 8011.891906738281
0.09812498092651367 8011.891662597656
0.11662793159484863 8011.887115478516
0.08829188346862793 8011.85888671875
0.11623501777648926 8011.805389404297
0.08730769157409668 8011.754638671875
0.08731436729431152 8011.739105224609
0.08800482749938965 8011.753143310547
0.11755490303039551 8011.769104003906
0.08747529983520508 8011.776153564453
0.11663293838500977 8011.782470703125
0.08715009689331055 8011.794281005859
0.08786725997924805 8011.810119628906
0.11683917045593262 8011.829132080078
0.08681702613830566 8011.8487548828125
0.1162099838256836 8011.867858886719
0.08764004707336426 8011.8873291015625
0.11593127250671387 8011.909698486328
0.08720993995666504 8011.928527832031
0.09062480926513672 8011.937225341797
0.11608505249023438 8011.967590332031
0.08722996711730957 8012.022369384766
0.11639189720153809 8012.030181884766
0.08771371841430664 8012.009796142578
0.08788609504699707 8012.005798339844
0.0873420238494873 8012.028045654297
0.08717918395996094 8012.062255859375
0.08796000480651855 8012.077117919922
0.11619186401367188 8012.019500732422
0.08804512023925781 8011.963317871094
0.10025477409362793 8011.9564208984375
0.1161189079284668 8011.976470947266
0.08683228492736816 8012.000213623047
0.11717510223388672 8012.011749267578
0.0875251293182373 8012.01123046875
0.08770394325256348 8012.001861572266
0.11705899238586426 8011.992584228516
0.08764910697937012 8011.995178222656
0.11672401428222656 8012.012390136719
0.08732175827026367 8012.0380859375
0.08772516250610352 8012.061584472656
0.11820697784423828 8012.0797119140625
0.08701086044311523 8012.093933105469
0.08809399604797363 8012.104339599609
0.0870809555053711 8012.0999755859375
0.08710622787475586 8012.0650634765625
0.11731290817260742 8012.028747558594
0.0872812271118164 8012.001495361328
0.08744215965270996 8011.979888916016
0.11679410934448242 8011.965515136719
0.08784914016723633 8011.984405517578
0.1163787841796875 8012.025207519531
0.08793997764587402 8012.0692138671875
0.08710980415344238 8012.1102294921875
0.11701297760009766 8012.114593505859
0.08782625198364258 8012.097442626953
0.1160120964050293 8012.095855712891
0.0875542163848877 8012.106658935547
0.08781599998474121 8012.114593505859
0.12903618812561035 8012.108612060547
0.0875101089477539 8012.085906982422
0.08690404891967773 8012.047027587891
0.08719801902770996 8011.995147705078
0.08718299865722656 8011.941711425781
0.11650276184082031 8011.886932373047
0.08726024627685547 8011.830871582031
0.08703017234802246 8011.797088623047
0.11714410781860352 8011.803070068359
0.08713507652282715 8011.846832275391
0.1168508529663086 8011.914398193359
0.08791589736938477 8011.9798583984375
0.0868682861328125 8012.010589599609
0.11639785766601562 8012.025482177734
0.08656620979309082 8012.047760009766
0.11533689498901367 8012.050720214844
0.08656096458435059 8012.0106201171875
0.08741092681884766 8011.933319091797
0.11657214164733887 8011.841949462891
0.08741188049316406 8011.757843017578
0.08710408210754395 8011.704681396484
0.08739042282104492 8011.697204589844
0.08725190162658691 8011.718353271484
0.11674785614013672 8011.794830322266
0.08768081665039062 8011.924499511719
0.0870969295501709 8012.009674072266
0.0869288444519043 8012.083038330078
0.11834907531738281 8012.152374267578
0.08684515953063965 8012.224090576172
0.11695003509521484 8012.2926025390625
0.08700704574584961 8012.33203125
0.14286017417907715 8012.318786621094
0.08697700500488281 8012.2723388671875
0.08794617652893066 8012.208648681641
0.11683011054992676 8012.14794921875
0.08801579475402832 8012.105895996094
0.11684894561767578 8012.0413818359375
0.11897516250610352 8011.948486328125
0.08750700950622559 8011.8743896484375
0.08786416053771973 8011.826324462891
0.08727717399597168 8011.803802490234
0.08757495880126953 8011.809844970703
0.11630010604858398 8011.840515136719
0.08718013763427734 8011.8897705078125
0.0877540111541748 8011.953063964844
0.11693382263183594 8012.020721435547
0.09470915794372559 8012.04833984375
0.1169130802154541 8012.046325683594
0.08726310729980469 8012.037109375
0.11641693115234375 8012.031982421875
0.0873570442199707 8012.035736083984
0.11436915397644043 8012.046173095703
0.11719703674316406 8012.059753417969
0.08852982521057129 8012.070953369141
0.11763620376586914 8012.074401855469
0.08800411224365234 8012.0654296875
0.08869099617004395 8012.023406982422
0.0870509147644043 8011.991546630859
0.11471891403198242 8011.974517822266
0.0877077579498291 8011.96337890625
0.1169278621673584 8011.955139160156
0.08810997009277344 8011.947723388672
0.0872809886932373 8011.944610595703
0.11725378036499023 8011.949401855469
0.08726811408996582 8011.96337890625
0.11687493324279785 8011.991119384766
0.08763694763183594 8012.031921386719
0.10506105422973633 8012.080322265625
0.11849117279052734 8012.126922607422
