0.08021092414855957 3732.4251708984375
0.070404052734375 3825.852005004883
0.06629180908203125 3922.0796813964844
0.06567001342773438 4019.1346435546875
0.09567618370056152 4117.87419128418
0.06616497039794922 4218.054138183594
0.07044100761413574 4319.275085449219
0.06774210929870605 4420.991729736328
0.0693511962890625 4521.83544921875
0.06937599182128906 4622.4942626953125
0.10847902297973633 4723.321441650391
0.09165477752685547 4824.3505859375
0.07184004783630371 4924.1878662109375
0.07111024856567383 5021.104400634766
0.06808805465698242 5114.541046142578
0.09883403778076172 5206.1900634765625
0.06627511978149414 5298.312927246094
0.06553816795349121 5392.122711181641
0.06642389297485352 5486.820739746094
0.07463788986206055 5576.616119384766
0.10174417495727539 5634.219696044922
0.06634902954101562 5662.439117431641
0.06741499900817871 5678.922119140625
0.0657801628112793 5692.7310791015625
0.06636619567871094 5700.339752197266
0.06650304794311523 5707.012664794922
0.09869170188903809 5714.951934814453
0.06813907623291016 5723.463775634766
0.06343698501586914 5728.419036865234
0.06424689292907715 5727.990264892578
0.06837773323059082 5727.683166503906
0.0955190658569336 5728.061828613281
0.066741943359375 5729.034942626953
0.16483402252197266 5730.215911865234
0.14118218421936035 5731.051666259766
0.1172800064086914 5731.337707519531
0.19542384147644043 5731.271240234375
0.09610104560852051 5731.273345947266
0.09441304206848145 5731.653625488281
0.07487010955810547 5732.273529052734
0.07752609252929688 5732.789001464844
0.10423898696899414 5732.903778076172
0.07390999794006348 5732.700714111328
0.09558677673339844 5732.432037353516
0.07858085632324219 5732.366607666016
0.0765829086303711 5732.600311279297
0.11397624015808105 5732.986389160156
0.27074718475341797 5733.355316162109
0.09410691261291504 5733.593322753906
0.07883739471435547 5733.658416748047
0.0973670482635498 5733.5987548828125
0.08072566986083984 5733.515563964844
0.14409875869750977 5733.487396240234
0.07839393615722656 5733.537689208984
0.07860922813415527 5733.650390625
0.23458313941955566 5733.7884521484375
0.07861113548278809 5733.8946533203125
0.10464191436767578 5733.883697509766
0.08590006828308105 5733.7830810546875
0.08132505416870117 5733.746124267578
0.0944361686706543 5733.911315917969
0.14293503761291504 5734.236267089844
0.09574413299560547 5734.490203857422
0.10744595527648926 5734.483459472656
0.21617507934570312 5734.267059326172
0.1464672088623047 5734.08349609375
0.10034680366516113 5734.122406005859
0.09314894676208496 5734.336975097656
0.10380220413208008 5734.552398681641
0.09348392486572266 5734.65380859375
0.07389211654663086 5734.652252197266
0.07944321632385254 5734.661041259766
0.292752742767334 5734.765869140625
0.10416913032531738 5734.944000244141
0.129439115524292 5735.088439941406
0.07228398323059082 5735.135955810547
0.07284402847290039 5735.101104736328
0.0922551155090332 5735.099670410156
0.10069894790649414 5735.181884765625
0.09097003936767578 5735.27099609375
0.2895963191986084 5735.270355224609
0.07848501205444336 5735.170623779297
0.09075593948364258 5735.056182861328
0.07236003875732422 5734.963134765625
0.10662126541137695 5734.919647216797
0.08676028251647949 5734.957794189453
0.08965802192687988 5735.046173095703
0.09933114051818848 5735.113128662109
0.07166171073913574 5735.118865966797
0.0996549129486084 5735.080871582031
0.09115982055664062 5735.0482177734375
0.0715029239654541 5735.060119628906
0.0715029239654541 5735.115814208984
0.08957910537719727 5735.179168701172
0.09937191009521484 5735.2176513671875
0.08416414260864258 5735.229095458984
0.0790097713470459 5735.230773925781
0.06997513771057129 5735.244689941406
0.08795475959777832 5735.272033691406
0.17247581481933594 5735.298980712891
0.07392501831054688 5735.314605712891
0.09434390068054199 5735.313873291016
0.07049989700317383 5735.292907714844
0.09217500686645508 5735.2752685546875
0.07473015785217285 5735.283447265625
0.10257577896118164 5735.310638427734
0.08852505683898926 5735.336639404297
0.06995105743408203 5735.335052490234
0.07020092010498047 5735.301483154297
0.07559561729431152 5735.259216308594
0.10121798515319824 5735.232818603516
0.08891105651855469 5735.229766845703
0.07008194923400879 5735.240753173828
0.07247734069824219 5735.249694824219
0.09066987037658691 5735.250671386719
0.10180401802062988 5735.249938964844
0.07033610343933105 5735.256286621094
0.09242105484008789 5735.270172119141
0.07603621482849121 5735.284149169922
0.0899350643157959 5735.296173095703
0.1018531322479248 5735.309356689453
0.06977200508117676 5735.323638916016
0.09026908874511719 5735.333068847656
0.09462285041809082 5735.334014892578
0.07634782791137695 5735.32958984375
0.07390785217285156 5735.326171875
0.1003718376159668 5735.325714111328
0.08973217010498047 5735.325256347656
0.07112693786621094 5735.302642822266
0.10265684127807617 5735.28076171875
0.09087705612182617 5735.292724609375
0.10475420951843262 5735.320617675781
0.07087397575378418 5735.3272705078125
0.0935659408569336 5735.295989990234
0.07101988792419434 5735.252868652344
0.09200096130371094 5735.2359619140625
0.11004304885864258 5735.24560546875
0.07702398300170898 5735.252288818359
0.09293007850646973 5735.241943359375
0.07106399536132812 5735.227081298828
0.0705420970916748 5735.223419189453
0.10156011581420898 5735.230163574219
0.07050085067749023 5735.236236572266
0.09024381637573242 5735.236602783203
0.07006502151489258 5735.2353515625
0.08988595008850098 5735.236236572266
0.07042908668518066 5735.2366943359375
0.09913492202758789 5735.2332763671875
0.07226800918579102 5735.226318359375
0.07330679893493652 5735.219665527344
0.09091591835021973 5735.214996337891
0.07013177871704102 5735.210968017578
0.1004021167755127 5735.2069091796875
0.08751392364501953 5735.202941894531
0.06852197647094727 5735.200439453125
0.0690610408782959 5735.1998291015625
0.07020688056945801 5735.2005615234375
0.10014700889587402 5735.20263671875
0.08627200126647949 5735.205749511719
0.08002114295959473 5735.210723876953
0.08053779602050781 5735.216827392578
0.2428760528564453 5735.2235107421875
0.19058609008789062 5735.230651855469
0.1112518310546875 5735.23828125
0.11241292953491211 5735.246185302734
0.1186978816986084 5735.248565673828
0.08109903335571289 5735.249938964844
0.2383730411529541 5735.2623291015625
0.10013890266418457 5735.280426025391
0.0700528621673584 5735.289825439453
0.08781814575195312 5735.285552978516
0.07173371315002441 5735.245086669922
0.07058095932006836 5735.221771240234
0.0995628833770752 5735.248718261719
0.07200288772583008 5735.286529541016
0.08753490447998047 5735.300354003906
0.06992506980895996 5735.292297363281
0.08682608604431152 5735.282409667969
0.09797406196594238 5735.281402587891
0.08601689338684082 5735.270812988281
0.06972408294677734 5735.257598876953
0.06978583335876465 5735.2598876953125
0.11781811714172363 5735.272216796875
0.07182621955871582 5735.277038574219
0.1007988452911377 5735.273132324219
0.0863029956817627 5735.270751953125
0.07074308395385742 5735.269500732422
0.08678698539733887 5735.26171875
0.06875920295715332 5735.250396728516
0.09818696975708008 5735.241455078125
0.08724403381347656 5735.2330322265625
0.06892085075378418 5735.228088378906
0.06993293762207031 5735.231353759766
0.07488393783569336 5735.238922119141
0.09724903106689453 5735.244232177734
0.08771300315856934 5735.246734619141
0.06932592391967773 5735.249816894531
0.06997132301330566 5735.254608154297
0.08435583114624023 5735.260314941406
0.09699201583862305 5735.266204833984
0.06881976127624512 5735.271453857422
0.08526396751403809 5735.275634765625
0.06982803344726562 5735.262481689453
0.06885004043579102 5735.244812011719
0.08427071571350098 5735.247314453125
0.09687972068786621 5735.262542724609
0.08525991439819336 5735.2696533203125
0.06929206848144531 5735.274322509766
0.06800699234008789 5735.278991699219
0.08396577835083008 5735.272552490234
0.09725594520568848 5735.254364013672
0.08648204803466797 5735.240203857422
0.08838820457458496 5735.238464355469
0.08473682403564453 5735.242919921875
0.08999872207641602 5735.246551513672
0.09663915634155273 5735.249176025391
0.09520101547241211 5735.252593994141
0.17409801483154297 5735.256622314453
0.08808588981628418 5735.252838134766
0.0994260311126709 5735.22998046875
0.08028697967529297 5735.226409912109
0.10570907592773438 5735.2470703125
0.08999323844909668 5735.267517089844
0.07025885581970215 5735.281494140625
0.08675098419189453 5735.290374755859
0.07508087158203125 5735.292144775391
0.13018488883972168 5735.279052734375
0.09132909774780273 5735.259002685547
0.07538509368896484 5735.245452880859
0.07430028915405273 5735.240509033203
0.09103274345397949 5735.240814208984
0.10086584091186523 5735.244384765625
0.09025311470031738 5735.249450683594
0.07762503623962402 5735.25341796875
0.07868599891662598 5735.2451171875
0.09960007667541504 5735.212677001953
0.11159396171569824 5735.196258544922
0.09348702430725098 5735.1793212890625
0.0793459415435791 5735.191009521484
0.07835268974304199 5735.231872558594
0.09506511688232422 5735.263122558594
0.07994604110717773 5735.2738037109375
0.11706113815307617 5735.266662597656
0.07050108909606934 5735.255126953125
0.07838582992553711 5735.249114990234
0.0939338207244873 5735.248077392578
0.09702920913696289 5735.243072509766
0.2709171772003174 5735.231414794922
0.08549928665161133 5735.224945068359
0.2237870693206787 5735.205505371094
0.17550277709960938 5735.196502685547
0.26947569847106934 5735.220855712891
0.24359893798828125 5735.246887207031
0.19867491722106934 5735.254302978516
0.0925908088684082 5735.253662109375
0.11204385757446289 5735.255676269531
0.08517694473266602 5735.253234863281
0.08518290519714355 5735.250457763672
0.11854696273803711 5735.254302978516
0.1426408290863037 5735.260101318359
0.09160399436950684 5735.263977050781
0.07298731803894043 5735.267333984375
0.07407164573669434 5735.271453857422
0.14464592933654785 5735.27587890625
0.10834312438964844 5735.279449462891
0.12428522109985352 5735.2818603515625
0.1353590488433838 5735.2833251953125
0.14737606048583984 5735.283874511719
0.10442399978637695 5735.284454345703
0.20746111869812012 5735.285705566406
0.09145998954772949 5735.288269042969
0.09079289436340332 5735.291839599609
0.07097315788269043 5735.2955322265625
0.10009884834289551 5735.299102783203
0.08955025672912598 5735.3017578125
0.07025790214538574 5735.302307128906
0.07024097442626953 5735.301361083984
0.08814191818237305 5735.300964355469
0.06965875625610352 5735.302001953125
0.09839391708374023 5735.300598144531
0.17191386222839355 5735.239501953125
0.15532207489013672 5735.208984375
0.07428121566772461 5735.220764160156
0.07117319107055664 5735.231750488281
0.10030412673950195 5735.24462890625
0.07446503639221191 5735.255859375
0.070281982421875 5735.252502441406
0.08760595321655273 5735.2349853515625
0.0698249340057373 5735.220458984375
0.09679484367370605 5735.162841796875
0.10989999771118164 5735.152435302734
0.07484006881713867 5735.186676025391
0.08784294128417969 5735.199157714844
0.07036685943603516 5735.193878173828
0.06996393203735352 5735.186492919922
0.09974288940429688 5735.185821533203
0.06927800178527832 5735.183837890625
0.07036018371582031 5735.147277832031
0.0864560604095459 5735.128143310547
0.06765580177307129 5735.168365478516
0.10371208190917969 5735.202117919922
0.08517003059387207 5735.208404541016
0.06927800178527832 5735.209259033203
0.08478307723999023 5735.214813232422
0.06776595115661621 5735.225189208984
0.10009098052978516 5735.236419677734
0.08612895011901855 5735.246643066406
0.10219001770019531 5735.254699707031
0.10341238975524902 5735.260650634766
0.1009671688079834 5735.263854980469
0.09628891944885254 5735.258636474609
0.07275199890136719 5735.258270263672
0.10488271713256836 5735.265533447266
0.10892796516418457 5735.272186279297
0.1510310173034668 5735.277191162109
0.11130785942077637 5735.281494140625
0.20262670516967773 5735.285461425781
0.0981440544128418 5735.288635253906
0.08901309967041016 5735.29150390625
0.0695490837097168 5735.294097900391
0.07973289489746094 5735.296844482422
0.13049602508544922 5735.299743652344
0.06956195831298828 5735.302642822266
0.08885717391967773 5735.305114746094
0.07045292854309082 5735.3062744140625
0.06775808334350586 5735.305908203125
0.09746789932250977 5735.304046630859
0.089508056640625 5735.3004150390625
0.17934298515319824 5735.295013427734
0.09974503517150879 5735.289581298828
0.1837470531463623 5735.284454345703
0.2627880573272705 5735.2801513671875
0.1558380126953125 5735.276885986328
0.06579208374023438 5735.274719238281
0.10559582710266113 5735.2734375
0.06893491744995117 5735.2568359375
0.10631179809570312 5735.253967285156
0.11207818984985352 5735.272369384766
0.09841609001159668 5735.241943359375
0.10153603553771973 5735.210021972656
0.09822988510131836 5735.200714111328
0.09801673889160156 5735.207183837891
0.13048005104064941 5735.224609375
0.13901305198669434 5735.24072265625
0.13370800018310547 5735.249481201172
0.16226983070373535 5735.2489013671875
0.0872187614440918 5735.241668701172
0.08698797225952148 5735.189453125
0.09595274925231934 5735.1787109375
0.07315897941589355 5735.209045410156
0.08615303039550781 5735.228698730469
0.09995889663696289 5735.233551025391
0.07045507431030273 5735.217620849609
0.09242606163024902 5735.212249755859
0.06437230110168457 5735.2271728515625
0.06358098983764648 5735.24365234375
0.06546401977539062 5735.251556396484
0.06755518913269043 5735.243713378906
0.09617471694946289 5735.2310791015625
0.0890038013458252 5735.223815917969
0.08462977409362793 5735.221160888672
0.1288900375366211 5735.206237792969
0.08785605430603027 5735.183898925781
0.06497406959533691 5735.199157714844
0.09448909759521484 5735.2198486328125
0.06490182876586914 5735.231506347656
0.0961909294128418 5735.24169921875
0.07586812973022461 5735.253753662109
0.07561182975769043 5735.268585205078
0.09384799003601074 5735.275787353516
0.06428813934326172 5735.284973144531
0.06432890892028809 5735.295593261719
0.06391119956970215 5735.279235839844
0.07190108299255371 5735.248046875
0.10180139541625977 5735.248138427734
0.07370591163635254 5735.263153076172
0.07177281379699707 5735.282897949219
0.06510424613952637 5735.3028564453125
0.06603097915649414 5735.3170166015625
0.0935359001159668 5735.321563720703
0.11462593078613281 5735.296447753906
0.38373899459838867 5735.266754150391
0.08888912200927734 5735.2449951171875
0.09334516525268555 5735.233856201172
0.14775490760803223 5735.233642578125
0.12691473960876465 5735.241180419922
0.0873260498046875 5735.252655029297
0.06638097763061523 5735.264739990234
0.06605219841003418 5735.275207519531
0.06666684150695801 5735.283721923828
0.09264922142028809 5735.272521972656
0.06394696235656738 5735.256286621094
0.06339311599731445 5735.2613525390625
0.06331205368041992 5735.273742675781
0.11130309104919434 5735.286529541016
0.35894298553466797 5735.293670654297
0.11309695243835449 5735.289978027344
0.11242294311523438 5735.268951416016
0.07119202613830566 5735.245513916016
0.06727409362792969 5735.227081298828
0.10617923736572266 5735.216979980469
0.09486699104309082 5735.2147216796875
0.10061073303222656 5735.217590332031
0.11823010444641113 5735.223175048828
0.16483092308044434 5735.229156494141
0.0964508056640625 5735.206695556641
0.09327292442321777 5735.178253173828
0.06651687622070312 5735.178497314453
0.06397080421447754 5735.191741943359
0.06387090682983398 5735.178375244141
0.11806201934814453 5735.204925537109
0.09125208854675293 5735.238494873047
0.06415224075317383 5735.255462646484
0.06290197372436523 5735.256622314453
0.06271100044250488 5735.249694824219
0.06466794013977051 5735.243011474609
0.09093904495239258 5735.236633300781
0.06400299072265625 5735.224334716797
0.0630037784576416 5735.228790283203
0.06323003768920898 5735.2393798828125
0.06269001960754395 5735.250244140625
0.06256675720214844 5735.260223388672
0.09073090553283691 5735.2626953125
0.06285285949707031 5735.265899658203
0.06302213668823242 5735.272216796875
0.06424307823181152 5735.278839111328
0.06264400482177734 5735.283721923828
0.08978414535522461 5735.2864990234375
0.06397795677185059 5735.287200927734
0.06582880020141602 5735.286560058594
0.06255912780761719 5735.282257080078
0.06497001647949219 5735.2718505859375
0.09021902084350586 5735.264465332031
0.09616994857788086 5735.2596435546875
0.06204795837402344 5735.2552490234375
0.06156325340270996 5735.250885009766
0.06153535842895508 5735.246490478516
0.061647653579711914 5735.240631103516
0.08998703956604004 5735.207427978516
0.06511211395263672 5735.225677490234
0.06546783447265625 5735.254852294922
0.06582832336425781 5735.273284912109
0.06646323204040527 5735.2652587890625
0.09506511688232422 5735.264556884766
0.06562995910644531 5735.27490234375
0.0660562515258789 5735.287841796875
0.06630396842956543 5735.2972412109375
0.06617188453674316 5735.3021240234375
0.0960531234741211 5735.303466796875
0.0660090446472168 5735.3035888671875
0.06667804718017578 5735.304412841797
0.06589698791503906 5735.3062744140625
0.06588196754455566 5735.307342529297
0.06604480743408203 5735.301696777344
0.09547305107116699 5735.232971191406
0.06612491607666016 5735.206298828125
0.0660851001739502 5735.20068359375
0.0654902458190918 5735.2041015625
0.06574201583862305 5735.214111328125
0.09538412094116211 5735.225128173828
0.06606793403625488 5735.2320556640625
0.06563615798950195 5735.231689453125
0.06566810607910156 5735.225494384766
0.06614303588867188 5735.2176513671875
0.0953521728515625 5735.212097167969
0.06651711463928223 5735.211090087891
0.0662240982055664 5735.2152099609375
0.06640410423278809 5735.223175048828
0.07036304473876953 5735.232330322266
0.10975289344787598 5735.227294921875
0.10142803192138672 5735.2047119140625
0.07845520973205566 5735.223388671875
0.06783199310302734 5735.246429443359
0.06721997261047363 5735.252014160156
0.06659507751464844 5735.245849609375
0.09605288505554199 5735.236267089844
0.07601475715637207 5735.2279052734375
0.11177968978881836 5735.220977783203
0.0668642520904541 5735.21533203125
0.06637692451477051 5735.211151123047
0.09938693046569824 5735.208892822266
0.13610506057739258 5735.209136962891
0.08808302879333496 5735.211975097656
0.11093306541442871 5735.209259033203
0.06654596328735352 5735.221862792969
0.13795900344848633 5735.240234375
0.07692599296569824 5735.249816894531
0.07523322105407715 5735.256072998047
0.08696985244750977 5735.261474609375
0.08057308197021484 5735.264495849609
0.1257789134979248 5735.265777587891
0.08968114852905273 5735.264801025391
0.06203794479370117 5735.2607421875
0.06162214279174805 5735.254638671875
0.06436610221862793 5735.2396240234375
0.061944007873535156 5735.205474853516
0.0899040699005127 5735.220153808594
0.14051294326782227 5735.249755859375
0.06347012519836426 5735.268524169922
0.10646605491638184 5735.2796630859375
0.06459975242614746 5735.273345947266
0.08991622924804688 5735.272918701172
0.062439918518066406 5735.282196044922
0.06367373466491699 5735.294982910156
0.06286191940307617 5735.305725097656
0.06420207023620605 5735.310546875
0.06333208084106445 5735.309722900391
0.09182214736938477 5735.304412841797
0.06829595565795898 5735.298248291016
0.06976985931396484 5735.2786865234375
0.09416079521179199 5735.258880615234
0.06386184692382812 5735.282196044922
0.09194707870483398 5735.313781738281
0.06328105926513672 5735.331695556641
0.06371712684631348 5735.338073730469
0.06488513946533203 5735.324005126953
0.09453320503234863 5735.286407470703
0.0913538932800293 5735.23193359375
0.06356668472290039 5735.213897705078
0.06329607963562012 5735.218292236328
0.0632932186126709 5735.228515625
0.06335902214050293 5735.2427978515625
0.09122705459594727 5735.2535400390625
0.06346893310546875 5735.259185791016
0.06290197372436523 5735.257415771484
0.2086169719696045 5735.251037597656
0.06413078308105469 5735.242126464844
0.06293606758117676 5735.2335205078125
0.09054803848266602 5735.227386474609
0.06287193298339844 5735.223846435547
0.06357002258300781 5735.2215576171875
0.06313300132751465 5735.209014892578
0.0625150203704834 5735.208892822266
0.08992815017700195 5735.221374511719
0.0626077651977539 5735.229827880859
0.09801602363586426 5735.232116699219
0.06719279289245605 5735.224761962891
0.062023162841796875 5735.21923828125
0.09009790420532227 5735.218414306641
0.06308388710021973 5735.219543457031
0.0619351863861084 5735.221252441406
0.06215310096740723 5735.2227783203125
0.061933279037475586 5735.2037353515625
0.06180977821350098 5735.2000732421875
0.09053397178649902 5735.2137451171875
0.06184816360473633 5735.221466064453
0.06165194511413574 5735.208251953125
0.06210923194885254 5735.1707763671875
0.06167888641357422 5735.178192138672
0.08975577354431152 5735.215728759766
0.06203603744506836 5735.247375488281
0.06500387191772461 5735.26806640625
0.06584382057189941 5735.277038574219
0.06546902656555176 5735.282623291016
0.09547805786132812 5735.282073974609
0.06543517112731934 5735.265777587891
0.06552767753601074 5735.232421875
0.06534123420715332 5735.222900390625
0.06544995307922363 5735.23681640625
0.06607699394226074 5735.254058837891
0.0958399772644043 5735.252655029297
0.0658261775970459 5735.230072021484
0.06665325164794922 5735.235656738281
0.0657811164855957 5735.257415771484
0.06565976142883301 5735.270935058594
0.0965580940246582 5735.278839111328
0.06648993492126465 5735.2840576171875
0.06580495834350586 5735.288909912109
0.06570315361022949 5735.288330078125
0.06589007377624512 5735.289489746094
0.0986638069152832 5735.293884277344
0.06616497039794922 5735.296783447266
0.0657200813293457 5735.296905517578
0.06557893753051758 5735.290435791016
0.06605410575866699 5735.283050537109
0.07011604309082031 5735.285827636719
0.0968022346496582 5735.2894287109375
3.74627685546875 5735.286285400391
0.1568160057067871 5735.281799316406
0.23871326446533203 5735.278503417969
0.9337689876556396 5735.262176513672
0.1212007999420166 5735.258453369141
0.10709714889526367 5735.279022216797
0.10198783874511719 5735.296203613281
0.32503700256347656 5735.295196533203
110.3964409828186 5735.2672119140625
0.13735175132751465 5735.218109130859
0.11034393310546875 5735.196044921875
0.10109591484069824 5735.204864501953
0.43798017501831055 5735.218078613281
0.10162806510925293 5735.2357177734375
0.13763809204101562 5735.251159667969
0.13513779640197754 5735.261871337891
855.3310148715973 5735.2645263671875
0.10639095306396484 5735.26025390625
0.1033029556274414 5735.249298095703
0.1033010482788086 5735.242370605469
0.15223193168640137 5735.238952636719
221.3416428565979 5735.23486328125
0.1030120849609375 5735.233825683594
0.19742488861083984 5735.235900878906
0.15873026847839355 5735.239807128906
0.16228127479553223 5735.237609863281
0.16393399238586426 5735.220306396484
45.4751501083374 5735.218994140625
0.10286474227905273 5735.236846923828
0.18403887748718262 5735.247406005859
0.14455223083496094 5735.249908447266
0.10035920143127441 5735.230133056641
0.16827178001403809 5735.19775390625
112.05070185661316 5735.197235107422
0.7090697288513184 5735.22265625
0.32072901725769043 5735.238586425781
0.23001718521118164 5735.236785888672
0.22283220291137695 5735.225738525391
1.3798298835754395 5735.217742919922
0.1860649585723877 5735.2156982421875
0.12269735336303711 5735.217590332031
0.14383602142333984 5735.215484619141
0.12151575088500977 5735.211364746094
0.3242192268371582 5735.212310791016
0.10169696807861328 5735.182891845703
0.23096418380737305 5735.174774169922
0.13503694534301758 5735.219055175781
0.12020707130432129 5735.256408691406
0.9856722354888916 5735.277557373047
0.10664892196655273 5735.285888671875
0.11325430870056152 5735.292633056641
0.2130129337310791 5735.301727294922
0.1549689769744873 5735.310791015625
0.42107605934143066 5735.316345214844
0.10799288749694824 5735.316864013672
0.11129498481750488 5735.312713623047
0.10110998153686523 5735.304046630859
0.14400529861450195 5735.288330078125
0.11711907386779785 5735.271911621094
0.1322469711303711 5735.262756347656
0.2776486873626709 5735.259674072266
0.5565297603607178 5735.259033203125
0.16098403930664062 5735.260070800781
0.12398815155029297 5735.260711669922
0.10008811950683594 5735.226348876953
0.16791987419128418 5735.192138671875
0.24785733222961426 5735.203765869141
0.3286001682281494 5735.230682373047
0.20670008659362793 5735.264831542969
0.1978769302368164 5735.2994384765625
0.16153693199157715 5735.330535888672
0.11806702613830566 5735.3519287109375
0.3312199115753174 5735.358825683594
0.14461016654968262 5735.34326171875
0.09990072250366211 5735.307769775391
0.10033798217773438 5735.274688720703
0.1004800796508789 5735.253021240234
0.1058650016784668 5735.238708496094
0.13588190078735352 5735.202117919922
0.10126090049743652 5735.1688232421875
0.10486674308776855 5735.179504394531
0.10374212265014648 5735.206817626953
0.10562586784362793 5735.238006591797
0.2023019790649414 5735.265899658203
0.13544011116027832 5735.289093017578
0.10035395622253418 5735.302978515625
0.10013008117675781 5735.301605224609
0.09956884384155273 5735.276153564453
0.09984993934631348 5735.234283447266
0.13555097579956055 5735.192352294922
0.12360906600952148 5735.1572265625
0.1002049446105957 5735.144287109375
0.09968686103820801 5735.15576171875
0.11101913452148438 5735.168121337891
0.17636394500732422 5735.172698974609
0.208115816116333 5735.178070068359
0.3109579086303711 5735.190277099609
0.1408686637878418 5735.206604003906
0.23541927337646484 5735.2216796875
0.23010706901550293 5735.23291015625
0.22189807891845703 5735.240447998047
0.18944191932678223 5735.238311767578
0.1599409580230713 5735.211730957031
0.2738521099090576 5735.194519042969
0.22617411613464355 5735.219329833984
0.3765828609466553 5735.251739501953
0.17745494842529297 5735.266632080078
0.19040727615356445 5735.262878417969
0.1623837947845459 5735.253875732422
0.18102216720581055 5735.2391357421875
0.22015905380249023 5735.228668212891
0.2737088203430176 5735.245208740234
0.2534308433532715 5735.275939941406
0.15042376518249512 5735.300201416016
0.19833707809448242 5735.300384521484
0.31621599197387695 5735.278137207031
0.21507000923156738 5735.258453369141
0.23755216598510742 5735.255798339844
0.15264010429382324 5735.2550048828125
0.14418911933898926 5735.241424560547
0.2072150707244873 5735.24072265625
0.5355908870697021 5735.2677001953125
0.15539908409118652 5735.3046875
0.09994316101074219 5735.334655761719
0.09939908981323242 5735.349609375
0.10880327224731445 5735.341461181641
0.11009597778320312 5735.319519042969
0.20636796951293945 5735.311065673828
0.19136691093444824 5735.31591796875
0.19247937202453613 5735.314727783203
0.3560488224029541 5735.297149658203
0.14693880081176758 5735.280120849609
0.18439292907714844 5735.268768310547
0.1611192226409912 5735.261016845703
0.31635308265686035 5735.258972167969
0.16251707077026367 5735.252014160156
0.15416598320007324 5735.2373046875
0.13622593879699707 5735.221984863281
0.1033320426940918 5735.209899902344
0.10037517547607422 5735.205108642578
0.10078001022338867 5735.218658447266
0.11318397521972656 5735.243194580078
0.10083627700805664 5735.258026123047
0.1442410945892334 5735.2584228515625
0.10030794143676758 5735.254730224609
0.10114216804504395 5735.256744384766
0.10022926330566406 5735.264923095703
0.10147905349731445 5735.272003173828
0.1363377571105957 5735.272155761719
0.10072493553161621 5735.265380859375
0.10181403160095215 5735.256072998047
0.10288000106811523 5735.248260498047
0.11401700973510742 5735.242218017578
0.10062003135681152 5735.236297607422
0.13726377487182617 5735.229827880859
0.09981298446655273 5735.2225341796875
0.10087084770202637 5735.215118408203
0.10172295570373535 5735.2083740234375
0.10097980499267578 5735.202087402344
0.13541674613952637 5735.198547363281
0.25849199295043945 5735.200744628906
0.11236095428466797 5735.210174560547
0.12588000297546387 5735.224029541016
0.12520122528076172 5735.237640380859
0.1487748622894287 5735.248046875
0.1985340118408203 5735.254821777344
0.23189997673034668 5735.259552001953
0.1008307933807373 5735.263824462891
0.10292196273803711 5735.267608642578
0.1329960823059082 5735.269744873047
0.14533519744873047 5735.268981933594
0.22222018241882324 5735.260314941406
0.11903810501098633 5735.234771728516
0.11401915550231934 5735.207733154297
0.2820289134979248 5735.207244873047
0.15325713157653809 5735.227752685547
0.6421830654144287 5735.238800048828
0.30780506134033203 5735.225402832031
0.2623109817504883 5735.205535888672
0.6152000427246094 5735.193328857422
0.33361315727233887 5735.198913574219
0.2467048168182373 5735.223541259766
0.19419002532958984 5735.259918212891
0.18624615669250488 5735.297210693359
0.42923521995544434 5735.323059082031
0.1654961109161377 5735.327239990234
0.28087782859802246 5735.309722900391
0.21236586570739746 5735.281951904297
0.20630788803100586 5735.258056640625
0.2060999870300293 5735.245574951172
0.22555804252624512 5735.244567871094
0.2973001003265381 5735.2493896484375
0.21213579177856445 5735.2537841796875
0.16905689239501953 5735.255645751953
0.2271277904510498 5735.255554199219
0.17805695533752441 5735.256530761719
0.19016098976135254 5735.260314941406
0.19142508506774902 5735.266265869141
0.14558959007263184 5735.271484375
0.20006990432739258 5735.270111083984
0.16400885581970215 5735.257507324219
0.16011691093444824 5735.24072265625
0.18075013160705566 5735.23095703125
0.20005178451538086 5735.234771728516
0.17637300491333008 5735.249206542969
0.30200695991516113 5735.264556884766
0.4149808883666992 5735.2711181640625
0.20988798141479492 5735.266448974609
0.8567299842834473 5735.256011962891
0.3372657299041748 5735.245391845703
0.3118629455566406 5735.2388916015625
0.19037199020385742 5735.23681640625
0.14507007598876953 5735.236633300781
0.14042925834655762 5735.236541748047
0.1041259765625 5735.236663818359
0.11329007148742676 5735.239898681641
0.11810088157653809 5735.249267578125
0.1958920955657959 5735.250549316406
0.3328251838684082 5735.226318359375
2.8237218856811523 5735.20556640625
0.1915888786315918 5735.210144042969
0.21227192878723145 5735.243713378906
0.44913697242736816 5735.292755126953
0.21639394760131836 5735.3338623046875
0.2438976764678955 5735.349090576172
0.21748113632202148 5735.336730957031
0.1974928379058838 5735.309112548828
0.10685300827026367 5735.283020019531
0.16097807884216309 5735.264465332031
0.5918557643890381 5735.243469238281
0.3347609043121338 5735.2052001953125
0.09949898719787598 5735.144958496094
0.10008502006530762 5735.088684082031
0.21513080596923828 5735.060943603516
0.4880800247192383 5735.077087402344
0.14904093742370605 5735.137145996094
0.12306880950927734 5735.225738525391
0.1158909797668457 5735.317657470703
0.10069108009338379 5735.3861083984375
0.10711884498596191 5735.415924072266
0.16969585418701172 5735.410095214844
0.13990497589111328 5735.385589599609
0.6421780586242676 5735.360656738281
0.19145607948303223 5735.345001220703
0.43642091751098633 5735.331726074219
0.19905304908752441 5735.303009033203
0.23217487335205078 5735.243957519531
0.14863300323486328 5735.14990234375
0.18730497360229492 5735.049163818359
0.18700909614562988 5734.992370605469
0.17141008377075195 5735.006256103516
0.16825199127197266 5735.081634521484
0.21869111061096191 5735.180694580078
0.1783590316772461 5735.257080078125
0.17068815231323242 5735.279022216797
0.14677095413208008 5735.247528076172
0.22947144508361816 5735.193664550781
0.2321929931640625 5735.160095214844
0.2222740650177002 5735.178558349609
0.3078341484069824 5735.255767822266
0.10285806655883789 5735.365783691406
0.1442577838897705 5735.461944580078
0.12140679359436035 5735.499206542969
0.3155219554901123 5735.457489013672
0.16995477676391602 5735.345550537109
0.17861604690551758 5735.20361328125
0.2219400405883789 5735.100036621094
0.17309069633483887 5735.079071044922
0.17759990692138672 5735.142913818359
0.29837703704833984 5735.246826171875
0.1809389591217041 5735.32568359375
0.10003423690795898 5735.3502197265625
0.13534307479858398 5735.316589355469
0.10048198699951172 5735.249359130859
0.10018610954284668 5735.189971923828
0.1013498306274414 5735.174621582031
0.1003119945526123 5735.2152099609375
0.13531708717346191 5735.295013427734
0.10051393508911133 5735.376373291016
0.09960103034973145 5735.417755126953
0.10040497779846191 5735.3922119140625
0.10050106048583984 5735.304046630859
0.10001587867736816 5735.189056396484
0.13691997528076172 5735.095184326172
0.099700927734375 5735.051910400391
0.10006189346313477 5735.081359863281
0.09986615180969238 5735.169647216797
0.09973597526550293 5735.2760009765625
0.13599205017089844 5735.353607177734
0.09952592849731445 5735.371276855469
0.1190180778503418 5735.327392578125
0.10643696784973145 5735.24853515625
0.10061788558959961 5735.176086425781
0.13509416580200195 5735.145660400391
0.10000205039978027 5735.171417236328
0.10044288635253906 5735.240142822266
0.10038304328918457 5735.314056396484
0.15416693687438965 5735.3482666015625
0.09998798370361328 5735.321685791016
0.1356821060180664 5735.247833251953
0.10123896598815918 5735.166717529297
0.09931302070617676 5735.122741699219
0.09961509704589844 5735.139251708984
0.1055138111114502 5735.205291748047
0.13576817512512207 5735.282867431641
0.16277289390563965 5735.328033447266
0.14633822441101074 5735.311065673828
0.10065102577209473 5735.238952636719
0.09993100166320801 5735.155303955078
0.13576793670654297 5735.109100341797
0.10051512718200684 5735.119567871094
0.0995168685913086 5735.174957275391
0.10007405281066895 5735.265197753906
0.1498088836669922 5735.363250732422
0.13192176818847656 5735.438201904297
0.3714566230773926 5735.466400146484
0.3152430057525635 5735.4407958984375
0.2398841381072998 5735.374359130859
0.4420127868652344 5735.292663574219
0.21088814735412598 5735.224304199219
0.24930095672607422 5735.182678222656
0.21087217330932617 5735.1644287109375
0.20076513290405273 5735.170227050781
0.2455439567565918 5735.192779541016
0.23769211769104004 5735.214813232422
0.22236275672912598 5735.215118408203
0.35888099670410156 5735.193298339844
0.19230008125305176 5735.1654052734375
0.270488977432251 5735.144470214844
0.33570408821105957 5735.140655517578
0.14826393127441406 5735.169586181641
0.32277894020080566 5735.232330322266
0.22577905654907227 5735.314880371094
0.4095289707183838 5735.3946533203125
0.2086489200592041 5735.448028564453
0.2107992172241211 5735.4595947265625
0.2951991558074951 5735.428802490234
0.23361897468566895 5735.3687744140625
0.20821619033813477 5735.301544189453
0.46724581718444824 5735.250640869141
0.2442309856414795 5735.228759765625
0.1989891529083252 5735.222473144531
0.2532951831817627 5735.206268310547
0.22966694831848145 5735.185882568359
0.21650099754333496 5735.167297363281
0.2370297908782959 5735.156799316406
0.11793804168701172 5735.159362792969
0.22288990020751953 5735.176849365234
0.30993199348449707 5735.208404541016
0.21067595481872559 5735.247467041016
0.8754990100860596 5735.2841796875
0.19678378105163574 5735.308807373047
0.16088104248046875 5735.315399169922
0.1894688606262207 5735.304290771484
0.3366107940673828 5735.281433105469
0.18390178680419922 5735.255554199219
0.1898941993713379 5735.235260009766
0.22384405136108398 5735.2254638671875
0.2439441680908203 5735.227111816406
0.20460200309753418 5735.236267089844
0.2212049961090088 5735.247314453125
0.3117668628692627 5735.254425048828
0.3724982738494873 5735.254974365234
0.22574090957641602 5735.249328613281
0.20334792137145996 5735.240966796875
0.19432401657104492 5735.234802246094
0.21750378608703613 5735.231048583984
0.22061371803283691 5735.2249755859375
0.2906820774078369 5735.221740722656
0.4438772201538086 5735.2252197265625
0.21163702011108398 5735.2376708984375
0.2533681392669678 5735.2576904296875
0.28441596031188965 5735.280303955078
0.2248976230621338 5735.296112060547
0.2112748622894287 5735.295349121094
0.1553809642791748 5735.274871826172
0.18958020210266113 5735.240173339844
0.22128725051879883 5735.203521728516
0.19357728958129883 5735.180755615234
0.27362704277038574 5735.1824951171875
0.15278315544128418 5735.210754394531
0.12215709686279297 5735.261566162109
0.09958624839782715 5735.320739746094
0.09926414489746094 5735.363861083984
0.09946870803833008 5735.366363525391
0.13482189178466797 5735.3223876953125
0.10014843940734863 5735.242034912109
0.10367321968078613 5735.148498535156
0.10132813453674316 5735.072540283203
0.09993863105773926 5735.041290283203
0.13559222221374512 5735.063934326172
0.09975075721740723 5735.133453369141
0.09972119331359863 5735.233062744141
0.09983205795288086 5735.334197998047
0.09913206100463867 5735.406097412109
0.1353468894958496 5735.428161621094
0.2664806842803955 5735.396697998047
0.17418503761291504 5735.330596923828
0.28330326080322266 5735.266937255859
0.25583791732788086 5735.239105224609
0.22906875610351562 5735.2613525390625
0.22232389450073242 5735.324432373047
0.3187687397003174 5735.398284912109
0.26662492752075195 5735.439544677734
0.24024200439453125 5735.407196044922
0.4033520221710205 5735.291198730469
0.23020386695861816 5735.122314453125
0.23801803588867188 5734.960479736328
0.22441792488098145 5734.862701416016
0.23974609375 5734.862701416016
0.22847414016723633 5734.965515136719
0.20737886428833008 5735.138519287109
0.31438279151916504 5735.316192626953
0.290647029876709 5735.424713134766
0.413999080657959 5735.4271240234375
0.2506411075592041 5735.3465576171875
0.24678397178649902 5735.255645751953
0.18961310386657715 5735.227691650391
0.17398977279663086 5735.285827636719
0.2246840000152588 5735.393157958984
0.11727595329284668 5735.473388671875
0.10052490234375 5735.464508056641
0.13730478286743164 5735.3648681640625
