0.11060404777526855 5933.100357055664
0.09845399856567383 6085.453201293945
0.12802886962890625 6238.838302612305
0.09828615188598633 6393.179763793945
0.1281449794769287 6548.773147583008
0.09797811508178711 6706.919158935547
0.12802982330322266 6868.113983154297
0.0996408462524414 7031.708068847656
0.12760400772094727 7197.201019287109
0.09836316108703613 7363.611602783203
0.1270618438720703 7529.072204589844
0.09734416007995605 7694.205261230469
0.09771180152893066 7855.238006591797
0.09711289405822754 8009.286926269531
0.0986785888671875 8157.356353759766
0.127105712890625 8304.901947021484
0.09794187545776367 8454.544525146484
0.1265559196472168 8603.949829101562
0.09727716445922852 8753.485900878906
0.1267549991607666 8896.884490966797
0.09804725646972656 8998.33529663086
0.12682223320007324 9074.555084228516
0.1134037971496582 9122.389068603516
0.12679505348205566 9166.591979980469
0.09773993492126465 9192.672607421875
0.12715411186218262 9218.346710205078
0.09872698783874512 9243.239227294922
0.09705901145935059 9258.812133789062
0.0995340347290039 9270.785369873047
0.09782791137695312 9272.852172851562
0.12700104713439941 9277.483917236328
0.09908771514892578 9283.527252197266
0.09752988815307617 9289.754821777344
0.12653708457946777 9295.327850341797
0.09742212295532227 9299.730926513672
0.12737321853637695 9301.046203613281
0.0976250171661377 9300.555572509766
0.12708806991577148 9299.679260253906
0.09742212295532227 9299.124938964844
0.12619304656982422 9299.34683227539
0.09696412086486816 9300.311553955078
0.1267838478088379 9301.453094482422
0.09718108177185059 9302.399139404297
0.0975191593170166 9303.016296386719
0.098175048828125 9303.270599365234
0.10760712623596191 9303.27377319336
0.12400221824645996 9303.188781738281
0.09917902946472168 9303.066436767578
0.12756705284118652 9303.058502197266
0.10195398330688477 9303.310791015625
0.12915825843811035 9303.84017944336
0.10337686538696289 9304.55844116211
0.13095307350158691 9305.341796875
0.10043692588806152 9306.042694091797
0.12762999534606934 9306.632598876953
0.09963297843933105 9307.054809570312
0.1265580654144287 9307.266204833984
0.09757208824157715 9307.315368652344
0.09732794761657715 9307.288452148438
0.10869812965393066 9307.263916015625
0.0976858139038086 9307.243896484375
0.1264660358428955 9307.226745605469
0.09508419036865234 9307.232635498047
0.09378504753112793 9307.273559570312
0.1219182014465332 9307.34555053711
0.09394478797912598 9307.436279296875
0.12142491340637207 9307.53549194336
0.09684586524963379 9307.638641357422
0.12551283836364746 9307.744110107422
0.09273123741149902 9307.850677490234
0.12208271026611328 9307.955261230469
0.09218406677246094 9308.054260253906
0.11968588829040527 9308.143188476562
0.09199976921081543 9308.218994140625
0.09323287010192871 9308.281616210938
0.09126400947570801 9308.334075927734
0.0971689224243164 9308.38232421875
0.12741589546203613 9308.43295288086
0.09766507148742676 9308.4921875
0.12615203857421875 9308.562622070312
0.09767508506774902 9308.646301269531
0.12704992294311523 9308.740417480469
0.09734082221984863 9308.842010498047
0.1289973258972168 9308.946594238281
0.09771919250488281 9309.05093383789
0.12659597396850586 9309.15249633789
0.09820914268493652 9309.250244140625
0.12694334983825684 9309.343963623047
0.09780311584472656 9309.43392944336
0.09773397445678711 9309.521514892578
0.09706687927246094 9309.607025146484
0.11151003837585449 9309.691680908203
0.12626004219055176 9309.77572631836
0.0979459285736084 9309.859985351562
0.0977640151977539 9309.945373535156
0.12687110900878906 9310.032958984375
0.09833192825317383 9310.123138427734
0.12676000595092773 9310.216857910156
0.0976250171661377 9310.310424804688
0.1271839141845703 9310.399322509766
0.09778881072998047 9310.469268798828
0.1268911361694336 9310.502532958984
0.0976567268371582 9310.532592773438
0.12694907188415527 9310.552642822266
0.09825277328491211 9310.572509765625
0.09782576560974121 9310.593658447266
0.09783077239990234 9310.61279296875
0.09940290451049805 9310.629486083984
0.12725520133972168 9310.642883300781
0.09787321090698242 9310.65365600586
0.13037633895874023 9310.664001464844
0.09838604927062988 9310.673370361328
0.12712812423706055 9310.668579101562
0.09800219535827637 9310.668029785156
0.1272110939025879 9310.685302734375
0.09798192977905273 9310.71713256836
0.12691211700439453 9310.754699707031
0.09807586669921875 9310.780242919922
0.12741708755493164 9310.787567138672
0.09900808334350586 9310.782531738281
0.09802484512329102 9310.774688720703
0.09759306907653809 9310.772216796875
0.09846711158752441 9310.778564453125
0.12711286544799805 9310.759796142578
0.09826874732971191 9310.74008178711
0.09830498695373535 9310.747283935547
0.29007911682128906 9310.77865600586
0.0977780818939209 9310.827331542969
0.1272876262664795 9310.880401611328
0.09749507904052734 9310.919525146484
0.1257631778717041 9310.937530517578
0.09729504585266113 9310.937683105469
0.1269700527191162 9310.923370361328
0.09749293327331543 9310.895263671875
0.12715888023376465 9310.865203857422
0.16486620903015137 9310.847137451172
0.09749412536621094 9310.845977783203
0.10587787628173828 9310.858489990234
0.09789013862609863 9310.875854492188
0.12897920608520508 9310.891418457031
0.09811878204345703 9310.90054321289
0.0977470874786377 9310.878143310547
0.09787702560424805 9310.858032226562
0.12719488143920898 9310.864807128906
0.09826302528381348 9310.89535522461
0.09783315658569336 9310.943481445312
0.22786378860473633 9310.995330810547
0.10140585899353027 9311.034545898438
0.12691092491149902 9311.055633544922
0.09839725494384766 9311.056213378906
0.12782716751098633 9311.04653930664
0.09809184074401855 9311.040069580078
0.1268012523651123 9311.043670654297
0.09885001182556152 9311.057922363281
0.12696290016174316 9311.0771484375
0.0976109504699707 9311.095275878906
0.09828805923461914 9311.10726928711
0.09692096710205078 9311.064453125
0.09717130661010742 9310.997344970703
0.1266651153564453 9310.964141845703
0.10611605644226074 9310.972778320312
0.09735488891601562 9311.010711669922
0.12863683700561523 9311.057342529297
0.1273190975189209 9311.094421386719
0.09804201126098633 9311.10806274414
0.12653803825378418 9311.098602294922
0.12643814086914062 9311.07894897461
0.12728214263916016 9311.062194824219
0.0977790355682373 9311.055877685547
0.1269381046295166 9311.059631347656
0.09742617607116699 9311.055053710938
0.09790205955505371 9311.045593261719
0.09734702110290527 9311.031280517578
0.0977318286895752 9311.012329101562
0.12933993339538574 9310.994140625
0.10963296890258789 9310.979705810547
0.09812116622924805 9310.970794677734
0.1320972442626953 9310.967987060547
0.0976419448852539 9310.965606689453
0.12782597541809082 9310.96597290039
0.09716796875 9310.969421386719
0.1276531219482422 9310.975616455078
0.10465788841247559 9310.990783691406
0.12764406204223633 9311.016845703125
0.09843301773071289 9311.047119140625
0.12691974639892578 9311.076873779297
0.09761190414428711 9311.10336303711
0.09749078750610352 9311.124755859375
0.09855103492736816 9311.141815185547
0.09730315208435059 9311.15512084961
0.1272430419921875 9311.168518066406
0.09762406349182129 9311.1865234375
0.1271219253540039 9311.168701171875
0.09738779067993164 9311.120666503906
0.12718892097473145 9311.103210449219
0.09730410575866699 9311.12158203125
0.12697386741638184 9311.154571533203
0.0975031852722168 9311.185424804688
0.1272890567779541 9311.165802001953
0.09936213493347168 9311.120330810547
0.1270909309387207 9311.061462402344
0.09848594665527344 9311.009552001953
0.09822607040405273 9310.980651855469
0.0973203182220459 9310.962310791016
0.0976259708404541 9310.953735351562
0.12851309776306152 9310.946716308594
0.09708309173583984 9310.938720703125
0.0975947380065918 9310.941131591797
