0.06606793403625488 1352.5375671386719
0.04931998252868652 1383.6971588134766
0.04890799522399902 1416.3825988769531
0.04912734031677246 1448.8053894042969
0.04924201965332031 1481.2716674804688
0.049365997314453125 1513.6060485839844
0.050390005111694336 1545.9157409667969
0.04851198196411133 1578.19921875
0.04954695701599121 1610.4743347167969
0.0489192008972168 1642.7496032714844
0.0490870475769043 1675.0336608886719
0.05230998992919922 1707.3479309082031
0.04971599578857422 1739.6876220703125
0.04878878593444824 1772.0620422363281
0.048847198486328125 1804.4733581542969
0.04896998405456543 1836.9061584472656
0.048401832580566406 1869.3393859863281
0.048692941665649414 1901.6321411132812
0.04878807067871094 1934.01904296875
0.04891395568847656 1965.0479431152344
0.04877805709838867 1971.086181640625
0.10502314567565918 1973.4048461914062
0.04951882362365723 1973.6752624511719
0.04874110221862793 1973.7355041503906
0.049082040786743164 1973.7810363769531
0.048876047134399414 1973.8470764160156
624.2934038639069 1973.9020385742188
