0.13929486274719238 6892.433517456055
0.14075016975402832 7063.757141113281
0.14010286331176758 7233.716491699219
0.14125585556030273 7404.224945068359
0.1409308910369873 7576.784942626953
0.1409163475036621 7751.376434326172
0.14228582382202148 7929.852996826172
0.14148402214050293 8111.092468261719
0.13894224166870117 8295.440063476562
0.1339280605316162 8481.387481689453
0.13232111930847168 8668.06576538086
0.1331791877746582 8855.113677978516
0.13593316078186035 9040.73486328125
0.13249421119689941 9224.482666015625
0.13269591331481934 9403.51400756836
0.13271284103393555 9577.256652832031
0.13288593292236328 9748.645050048828
0.13255906105041504 9918.246948242188
0.1312580108642578 10083.933868408203
0.13234376907348633 10244.055969238281
0.13231301307678223 10354.901000976562
0.1319429874420166 10446.437774658203
0.1318659782409668 10515.886291503906
0.13179802894592285 10570.032318115234
0.13193321228027344 10623.955871582031
0.13257384300231934 10658.221008300781
0.13498377799987793 10688.987762451172
0.13131213188171387 10718.744110107422
0.13179707527160645 10744.373992919922
0.13690900802612305 10747.380432128906
0.1310269832611084 10749.958282470703
0.13314485549926758 10755.376586914062
0.13137507438659668 10761.937957763672
0.13214993476867676 10768.477142333984
0.13174104690551758 10774.206604003906
0.13122892379760742 10778.48519897461
0.13355803489685059 10781.506469726562
0.13187623023986816 10783.488800048828
0.13207006454467773 10783.858673095703
0.13206815719604492 10783.734954833984
0.13220977783203125 10783.855072021484
0.13127589225769043 10784.200103759766
0.13096189498901367 10784.69888305664
0.13173604011535645 10785.27621459961
0.14553022384643555 10785.809661865234
0.13205599784851074 10786.232147216797
0.13460087776184082 10786.531921386719
0.13495492935180664 10786.641174316406
0.1037588119506836 10786.689422607422
0.13404107093811035 10786.867553710938
0.10339593887329102 10787.236206054688
0.13233399391174316 10787.78579711914
0.11425995826721191 10788.46176147461
0.1568431854248047 10789.16748046875
0.1327521800994873 10789.814971923828
0.13191008567810059 10790.344512939453
0.13242697715759277 10790.748931884766
0.132857084274292 10791.065704345703
0.1338658332824707 10791.32437133789
0.1309199333190918 10791.598083496094
0.13176226615905762 10791.894500732422
0.1322770118713379 10792.23876953125
0.1325078010559082 10792.539520263672
0.13156867027282715 10792.785949707031
0.13555288314819336 10792.970489501953
0.1323552131652832 10793.07583618164
0.1327228546142578 10793.152709960938
0.13298797607421875 10793.223754882812
0.1320209503173828 10793.288330078125
0.13156700134277344 10793.349548339844
0.13236570358276367 10793.411376953125
0.13199996948242188 10793.475677490234
0.1324000358581543 10793.540802001953
0.13247895240783691 10793.6005859375
0.1330699920654297 10793.636108398438
0.13445401191711426 10793.656005859375
0.13244414329528809 10793.674041748047
0.13229584693908691 10793.696502685547
0.21242618560791016 10793.728973388672
0.1649158000946045 10793.773651123047
0.13247203826904297 10793.826293945312
0.13251209259033203 10793.886199951172
0.13321995735168457 10793.9560546875
0.13422417640686035 10794.035095214844
0.13228082656860352 10794.120880126953
0.1324448585510254 10794.211181640625
0.13402104377746582 10794.304779052734
0.13267111778259277 10794.400909423828
0.13192296028137207 10794.498168945312
0.19220900535583496 10794.596069335938
0.13281011581420898 10794.694366455078
0.1345670223236084 10794.792755126953
0.13210296630859375 10794.8916015625
0.13233304023742676 10794.991149902344
0.14986491203308105 10795.091674804688
0.13163518905639648 10795.193908691406
0.13153505325317383 10795.297790527344
0.13187670707702637 10795.404266357422
0.13280510902404785 10795.51235961914
0.13240909576416016 10795.622253417969
0.13306403160095215 10795.733337402344
0.1316390037536621 10795.844543457031
0.13192009925842285 10795.954711914062
0.1039581298828125 10796.063659667969
0.13204693794250488 10796.169860839844
0.10631871223449707 10796.273345947266
0.13271594047546387 10796.37338256836
0.12154412269592285 10796.462615966797
0.13563799858093262 10796.549194335938
0.10858702659606934 10796.625579833984
0.13239598274230957 10796.675567626953
0.1359272003173828 10796.714965820312
0.13152003288269043 10796.737884521484
0.13149523735046387 10796.75259399414
0.1314561367034912 10796.758483886719
0.1319892406463623 10796.753479003906
0.13117718696594238 10796.745910644531
0.1316690444946289 10796.740814208984
0.13156485557556152 10796.745483398438
0.13233613967895508 10796.758514404297
0.13200879096984863 10796.78076171875
0.13199210166931152 10796.812377929688
0.1323411464691162 10796.85107421875
0.1325387954711914 10796.89273071289
0.13139629364013672 10796.934051513672
0.13256120681762695 10796.970977783203
0.1316230297088623 10796.996398925781
0.1327500343322754 10797.019134521484
0.13117265701293945 10797.039031982422
0.1322488784790039 10797.04232788086
0.1323249340057373 10797.037963867188
0.13215422630310059 10797.034454345703
0.13194513320922852 10797.033752441406
0.13141608238220215 10797.030059814453
0.1355452537536621 10797.018951416016
0.13114404678344727 10797.00015258789
0.13055109977722168 10796.979125976562
0.1315441131591797 10796.961395263672
0.13239192962646484 10796.926696777344
0.13228678703308105 10796.900970458984
0.13320207595825195 10796.909545898438
0.1325068473815918 10796.949005126953
0.13210391998291016 10797.006927490234
0.1319589614868164 10797.049865722656
0.1322638988494873 10797.073333740234
0.13203883171081543 10797.07730102539
0.1316070556640625 10797.050231933594
0.1321399211883545 10797.006805419922
0.13162493705749512 10796.983947753906
0.13217520713806152 10796.991455078125
0.13157391548156738 10797.01547241211
0.13211417198181152 10797.044128417969
0.13127684593200684 10797.067138671875
0.1319272518157959 10797.081298828125
0.30081701278686523 10797.09048461914
0.1333470344543457 10797.079772949219
0.13250994682312012 10797.037841796875
0.1315929889678955 10796.980560302734
0.13161802291870117 10796.934875488281
0.13098406791687012 10796.924499511719
0.13400506973266602 10796.953857421875
0.1319880485534668 10797.003479003906
0.11460304260253906 10797.062408447266
0.13217473030090332 10797.116302490234
0.10510706901550293 10797.169647216797
