0.05939197540283203 2014.5265197753906
0.04171490669250488 2059.2238159179688
0.04216289520263672 2106.861129760742
0.04192709922790527 2155.629852294922
0.05276608467102051 2204.2000122070312
0.04439091682434082 2252.1790466308594
0.04138588905334473 2299.9551391601562
0.04169297218322754 2347.7258911132812
0.04170989990234375 2395.5784606933594
0.04129624366760254 2443.5508422851562
0.04130411148071289 2491.6526794433594
0.041245222091674805 2539.8778076171875
0.04178619384765625 2588.2127075195312
0.04262113571166992 2636.6299743652344
0.042188167572021484 2685.130889892578
0.041190147399902344 2733.6698608398438
0.04140806198120117 2782.221466064453
0.04150080680847168 2830.8033447265625
0.04148578643798828 2879.4320373535156
0.041284799575805664 2926.904296875
0.0412900447845459 2941.3084716796875
0.04077792167663574 2948.724365234375
0.04115104675292969 2951.4644165039062
0.04150199890136719 2953.408416748047
0.041123151779174805 2953.7579345703125
0.041298866271972656 2953.86865234375
0.041147708892822266 2953.928253173828
0.041513919830322266 2953.985321044922
0.04112505912780762 2954.056427001953
0.0698099136352539 2954.1281127929688
0.04149222373962402 2954.201629638672
0.04085183143615723 2954.2718200683594
0.041092872619628906 2954.3406982421875
0.05656099319458008 2954.4077758789062
0.07295799255371094 2954.4747924804688
0.09469103813171387 2954.5426330566406
0.06513190269470215 2954.6122436523438
0.46667003631591797 2954.6839599609375
0.056925058364868164 2954.7572326660156
0.09689927101135254 2954.831756591797
0.04992103576660156 2954.9070739746094
0.050818681716918945 2954.982635498047
0.047183990478515625 2955.0585021972656
0.043080806732177734 2955.1347045898438
0.048046112060546875 2955.2112731933594
0.04307889938354492 2955.288818359375
0.04633593559265137 2955.3670349121094
0.060836076736450195 2955.4464111328125
0.06882476806640625 2955.526611328125
0.06751179695129395 2955.5880737304688
0.0508730411529541 2955.6178588867188
0.044741153717041016 2955.62158203125
0.047955989837646484 2955.6217346191406
0.05759000778198242 2955.6216430664062
0.07900810241699219 2955.6214599609375
0.04892992973327637 2955.6212768554688
0.06842994689941406 2955.621063232422
0.0505368709564209 2955.6210021972656
0.049974918365478516 2955.6209716796875
0.0487980842590332 2955.6210021972656
0.04499006271362305 2955.6211853027344
0.046675920486450195 2955.621307373047
0.04260706901550293 2955.6213989257812
0.04276680946350098 2955.6214599609375
0.0427098274230957 2955.6214599609375
0.043020009994506836 2955.6214599609375
0.04741787910461426 2955.621368408203
0.04764699935913086 2955.6212463378906
0.048520803451538086 2955.621124267578
0.08534383773803711 2955.62109375
0.04674220085144043 2955.6210021972656
0.04959917068481445 2955.6209716796875
0.04880523681640625 2955.6210327148438
0.048300981521606445 2955.62109375
0.047347068786621094 2955.6212158203125
0.04686689376831055 2955.621337890625
0.04882478713989258 2955.6213989257812
0.10809898376464844 2955.6214599609375
0.050858259201049805 2955.6214904785156
0.04770708084106445 2955.6215209960938
0.04986906051635742 2955.6214599609375
0.04867410659790039 2955.621368408203
0.04963827133178711 2955.621307373047
0.04540300369262695 2955.6212158203125
0.04780912399291992 2955.621124267578
0.04890918731689453 2955.62109375
0.06799697875976562 2955.6210327148438
0.07083606719970703 2955.6210021972656
0.07368183135986328 2955.6210021972656
0.05251288414001465 2955.6210021972656
0.051297664642333984 2955.62109375
0.08589005470275879 2955.6211547851562
0.0510859489440918 2955.6212463378906
0.053292036056518555 2955.621307373047
0.05092978477478027 2955.621337890625
0.05054807662963867 2955.621368408203
0.0472409725189209 2955.6213989257812
0.04671502113342285 2955.6214599609375
0.0497441291809082 2955.6214904785156
0.04510211944580078 2955.6214599609375
0.04553389549255371 2955.6214904785156
0.18699908256530762 2955.6213989257812
0.0461728572845459 2955.6213989257812
0.04969596862792969 2955.6212768554688
0.05399203300476074 2955.6212768554688
0.04792618751525879 2955.6212463378906
0.0450291633605957 2955.6211853027344
0.04775381088256836 2955.6211547851562
0.056304931640625 2955.621124267578
0.05711102485656738 2955.6210327148438
0.05046486854553223 2955.621063232422
0.08989381790161133 2955.6210327148438
0.0507352352142334 2955.621063232422
0.04867196083068848 2955.621124267578
0.05250382423400879 2955.621124267578
0.051650047302246094 2955.6212158203125
0.051367998123168945 2955.6212768554688
0.05173301696777344 2955.621337890625
0.05483222007751465 2955.6214599609375
0.0560908317565918 2955.6214599609375
0.05362510681152344 2955.6214599609375
0.051577091217041016 2955.6214599609375
0.09092521667480469 2955.6214294433594
0.05344796180725098 2955.621368408203
0.07189297676086426 2955.621337890625
0.050163984298706055 2955.6211547851562
0.044660091400146484 2955.621063232422
0.04497981071472168 2955.6209411621094
0.04486513137817383 2955.620880126953
0.04450511932373047 2955.6209411621094
0.0453951358795166 2955.6210327148438
0.05450010299682617 2955.6212158203125
0.047883033752441406 2955.6214904785156
0.04515194892883301 2955.6216735839844
0.04645824432373047 2955.6218872070312
0.04841303825378418 2955.621826171875
0.06969499588012695 2955.6216430664062
0.04986310005187988 2955.6212768554688
0.05244898796081543 2955.6207580566406
0.04927396774291992 2955.620361328125
0.052101850509643555 2955.6202697753906
0.05223512649536133 2955.6204223632812
0.07344579696655273 2955.621063232422
0.05525398254394531 2955.6218872070312
0.053788185119628906 2955.6227111816406
0.055194854736328125 2955.6229858398438
0.09125614166259766 2955.6226196289062
0.13113117218017578 2955.6214294433594
0.04708600044250488 2955.619873046875
0.0449831485748291 2955.618621826172
0.04717612266540527 2955.618377685547
0.04464292526245117 2955.61962890625
0.04482913017272949 2955.6221313476562
0.04506182670593262 2955.624969482422
0.044602155685424805 2955.6263732910156
0.04480171203613281 2955.6250610351562
0.045156002044677734 2955.6209716796875
0.0442051887512207 2955.615936279297
0.04543614387512207 2955.612823486328
0.04392600059509277 2955.6141052246094
0.04395484924316406 2955.6204223632812
0.04508686065673828 2955.6289978027344
0.04454398155212402 2955.6351318359375
0.04393601417541504 2955.6343688964844
0.04381871223449707 2955.625518798828
0.043653011322021484 2955.6122436523438
0.04404091835021973 2955.6008911132812
0.04334902763366699 2955.5963134765625
0.04361319541931152 2955.6011657714844
0.043537139892578125 2955.6076049804688
0.04445385932922363 2955.619354248047
0.04367804527282715 2955.634735107422
0.04451417922973633 2955.6489868164062
0.04490780830383301 2955.6578369140625
0.04359602928161621 2955.6566162109375
0.04365277290344238 2955.6438903808594
0.04408693313598633 2955.6240844726562
0.04350113868713379 2955.606201171875
0.0440211296081543 2955.5979919433594
0.04361701011657715 2955.6026000976562
0.043701171875 2955.6168212890625
0.04391813278198242 2955.631591796875
0.04399514198303223 2955.639190673828
0.04343295097351074 2955.6365661621094
0.04322218894958496 2955.62451171875
0.04647231101989746 2955.609649658203
0.04362916946411133 2955.5994262695312
0.04312896728515625 2955.5968322753906
0.04312014579772949 2955.597625732422
0.04348397254943848 2955.598876953125
0.0438230037689209 2955.599853515625
0.04355311393737793 2955.600799560547
0.04360795021057129 2955.6021118164062
0.04348015785217285 2955.603973388672
0.0425872802734375 2955.6064453125
0.042949676513671875 2955.609619140625
0.044085025787353516 2955.613494873047
0.043210744857788086 2955.6175842285156
0.043035030364990234 2955.6212158203125
0.04343581199645996 2955.6243896484375
0.04353785514831543 2955.6271362304688
0.04279184341430664 2955.6293029785156
0.04304099082946777 2955.630889892578
0.04349327087402344 2955.6319885253906
0.043875694274902344 2955.6324462890625
0.043270111083984375 2955.632293701172
0.04316902160644531 2955.6314392089844
0.043170928955078125 2955.6300659179688
0.044306039810180664 2955.628143310547
0.04326605796813965 2955.6259765625
0.042652130126953125 2955.6234436035156
0.07970714569091797 2955.6209411621094
0.04307413101196289 2955.6184997558594
0.043032169342041016 2955.6163024902344
0.04388308525085449 2955.614501953125
0.04315805435180664 2955.6131286621094
0.30216193199157715 2955.6122436523438
0.0711522102355957 2955.6119079589844
0.044493913650512695 2955.612091064453
0.046302080154418945 2955.612762451172
0.043287038803100586 2955.6138916015625
0.04325699806213379 2955.6152954101562
0.046735286712646484 2955.6170959472656
0.08234405517578125 2955.6189880371094
0.043904781341552734 2955.62109375
0.04339003562927246 2955.623016357422
0.04354667663574219 2955.624786376953
0.042745113372802734 2955.6263122558594
0.04272294044494629 2955.62744140625
0.04300379753112793 2955.6281127929688
0.04245185852050781 2955.6283264160156
0.04534602165222168 2955.6280517578125
0.04232287406921387 2955.6272888183594
0.20931768417358398 2955.626220703125
0.044219255447387695 2955.624786376953
0.04304623603820801 2955.6231994628906
0.04680204391479492 2955.6213989257812
0.05039095878601074 2955.61962890625
0.043572187423706055 2955.6179809570312
0.04316902160644531 2955.616729736328
0.043247222900390625 2955.615753173828
0.04323768615722656 2955.6153869628906
0.04467368125915527 2955.6155700683594
0.04260087013244629 2955.6163024902344
0.04265713691711426 2955.6175537109375
0.04287004470825195 2955.619171142578
0.043641090393066406 2955.6212158203125
0.04251289367675781 2955.6231994628906
0.04246115684509277 2955.625030517578
0.04237794876098633 2955.6265258789062
0.042703866958618164 2955.62744140625
0.0420839786529541 2955.627471923828
0.04250192642211914 2955.626739501953
0.10227394104003906 2955.625213623047
0.04356503486633301 2955.6228637695312
0.04196286201477051 2955.620086669922
0.041957855224609375 2955.6173400878906
0.043816328048706055 2955.614990234375
0.04381990432739258 2955.6133422851562
0.04247713088989258 2955.613037109375
0.04227781295776367 2955.6141052246094
0.04371809959411621 2955.6167602539062
0.04208683967590332 2955.620361328125
0.04184293746948242 2955.6246337890625
0.04282808303833008 2955.6287841796875
0.042726993560791016 2955.6319580078125
0.04441118240356445 2955.6331481933594
0.042227983474731445 2955.632110595703
0.042227983474731445 2955.6285400390625
0.04243183135986328 2955.623077392578
0.04221510887145996 2955.6163330078125
0.04262399673461914 2955.609893798828
0.04141116142272949 2955.605255126953
0.05158805847167969 2955.6035766601562
0.04205203056335449 2955.605712890625
0.04213714599609375 2955.6113891601562
0.04191780090332031 2955.6198120117188
0.042053937911987305 2955.62939453125
0.04309988021850586 2955.6380920410156
0.042536020278930664 2955.643829345703
0.043785810470581055 2955.645233154297
0.04209589958190918 2955.6420288085938
0.04175996780395508 2955.6351013183594
0.0415339469909668 2955.6257934570312
0.04191303253173828 2955.615692138672
0.04140520095825195 2955.6064453125
0.041918039321899414 2955.5997314453125
0.041555166244506836 2955.5966796875
0.041518211364746094 2955.5972595214844
0.04175686836242676 2955.5989379882812
0.0426177978515625 2955.6026916503906
0.04150724411010742 2955.608184814453
0.04157114028930664 2955.6149291992188
0.04224705696105957 2955.621795654297
0.04151797294616699 2955.626983642578
0.041484832763671875 2955.6309509277344
0.0414278507232666 2955.6336059570312
0.04150199890136719 2955.6349182128906
0.04162406921386719 2955.634552001953
0.10425996780395508 2955.632843017578
0.04189896583557129 2955.6301879882812
0.04189705848693848 2955.626922607422
0.04167604446411133 2955.6234436035156
0.04202985763549805 2955.6199340820312
0.04213595390319824 2955.6167602539062
0.047982215881347656 2955.6140747070312
0.04169917106628418 2955.6122131347656
0.041825056076049805 2955.611328125
0.041268110275268555 2955.6114807128906
0.0418848991394043 2955.6126403808594
0.04174304008483887 2955.6145629882812
0.04184293746948242 2955.616973876953
0.04165005683898926 2955.619598388672
0.04182600975036621 2955.6223754882812
0.04197573661804199 2955.6250610351562
0.04156303405761719 2955.6273803710938
0.041152000427246094 2955.6290283203125
0.04165506362915039 2955.629913330078
0.041999101638793945 2955.629852294922
0.041767120361328125 2955.628936767578
0.04146099090576172 2955.627197265625
0.04200005531311035 2955.6248779296875
0.04129505157470703 2955.6221923828125
0.04120588302612305 2955.6192626953125
0.04238724708557129 2955.616455078125
0.04234886169433594 2955.614013671875
0.04207587242126465 2955.612335205078
0.042428016662597656 2955.6116638183594
0.041896820068359375 2955.6121215820312
0.04522991180419922 2955.6136779785156
0.04115891456604004 2955.616180419922
0.041562795639038086 2955.619415283203
0.04146623611450195 2955.623046875
0.04126691818237305 2955.626739501953
0.04180788993835449 2955.6300354003906
0.041880130767822266 2955.632293701172
0.04124307632446289 2955.6331481933594
0.04132890701293945 2955.6324157714844
0.04196000099182129 2955.6302185058594
0.04469418525695801 2955.626708984375
0.04223012924194336 2955.6221313476562
0.040979862213134766 2955.6170654296875
0.04134511947631836 2955.6123046875
0.0417330265045166 2955.6084594726562
0.08959507942199707 2955.6063232421875
0.04222416877746582 2955.6062622070312
0.04191994667053223 2955.608367919922
0.04182600975036621 2955.6124877929688
0.04151511192321777 2955.6179809570312
0.04176211357116699 2955.6243896484375
0.04107189178466797 2955.630615234375
0.04283022880554199 2955.6358032226562
0.041812896728515625 2955.638885498047
0.04163932800292969 2955.6394958496094
0.041591644287109375 2955.6376342773438
0.04171013832092285 2955.63330078125
0.04112601280212402 2955.627227783203
0.04105687141418457 2955.6202392578125
0.04201698303222656 2955.6132202148438
0.04107308387756348 2955.6072692871094
0.041381120681762695 2955.603240966797
0.06999087333679199 2955.6017456054688
0.04273700714111328 2955.6028747558594
0.04300117492675781 2955.6063232421875
0.046198129653930664 2955.6114501953125
0.0511631965637207 2955.617706298828
0.04166102409362793 2955.624298095703
0.041710853576660156 2955.630340576172
0.04146981239318848 2955.6347045898438
0.0418391227722168 2955.637481689453
0.041870832443237305 2955.6380920410156
0.04171490669250488 2955.63671875
0.04200005531311035 2955.633514404297
0.04160475730895996 2955.6293334960938
0.04181790351867676 2955.6244506835938
0.042189598083496094 2955.6192932128906
0.06961417198181152 2955.6145935058594
0.04230499267578125 2955.610626220703
0.06337189674377441 2955.6079711914062
0.041831016540527344 2955.60693359375
0.041799068450927734 2955.6075134277344
0.04152512550354004 2955.609619140625
0.05522894859313965 2955.6127319335938
0.0958719253540039 2955.6165466308594
0.10968494415283203 2955.6207580566406
0.2631368637084961 2955.6248474121094
0.05071282386779785 2955.628662109375
0.06231212615966797 2955.631591796875
0.06463384628295898 2955.6333923339844
0.06584596633911133 2955.6337890625
0.07244110107421875 2955.6328125
0.07525396347045898 2955.6307067871094
0.055136919021606445 2955.627685546875
0.05298805236816406 2955.6241149902344
0.0519869327545166 2955.6202392578125
0.04953813552856445 2955.616424560547
0.05091691017150879 2955.613006591797
0.04998183250427246 2955.610565185547
0.04620790481567383 2955.6092529296875
0.04595208168029785 2955.6092834472656
0.04354286193847656 2955.6107482910156
0.05417299270629883 2955.6131591796875
0.058984994888305664 2955.6165771484375
0.06186795234680176 2955.6205139160156
0.08973813056945801 2955.6246948242188
0.07739591598510742 2955.6285705566406
0.26456594467163086 2955.6316528320312
0.06093311309814453 2955.633544921875
0.0669550895690918 2955.6340942382812
0.04839611053466797 2955.6329345703125
0.17810893058776855 2955.6304626464844
0.045118093490600586 2955.6268615722656
0.043309926986694336 2955.6224670410156
0.04325509071350098 2955.6178588867188
0.04361319541931152 2955.6134338378906
0.04512214660644531 2955.609832763672
0.044608116149902344 2955.6075439453125
0.04272174835205078 2955.6070251464844
0.042424917221069336 2955.608367919922
0.04270601272583008 2955.611328125
0.04330897331237793 2955.615692138672
0.0425567626953125 2955.620880126953
0.04281282424926758 2955.6263427734375
0.04247593879699707 2955.6312866210938
0.04271817207336426 2955.635040283203
0.042398929595947266 2955.6370239257812
0.04283499717712402 2955.636932373047
0.04401588439941406 2955.6347045898438
0.04249691963195801 2955.6307067871094
0.0424189567565918 2955.6253967285156
0.0427250862121582 2955.619384765625
0.045053958892822266 2955.6134338378906
0.04253506660461426 2955.608428955078
0.04214906692504883 2955.6050415039062
0.0424191951751709 2955.6038513183594
0.042742013931274414 2955.6050415039062
0.043768882751464844 2955.608367919922
0.04278302192687988 2955.613250732422
0.04273366928100586 2955.6192016601562
0.043211936950683594 2955.62548828125
0.04286599159240723 2955.631317138672
0.04260420799255371 2955.6358337402344
0.04272317886352539 2955.638397216797
0.04252791404724121 2955.638641357422
0.04289507865905762 2955.6367797851562
0.042120933532714844 2955.6329650878906
0.042520761489868164 2955.6278076171875
0.04226398468017578 2955.6219787597656
0.04248499870300293 2955.6160888671875
0.04281926155090332 2955.61083984375
0.04272007942199707 2955.6070251464844
0.04339408874511719 2955.6048889160156
0.08159613609313965 2955.604949951172
0.041747331619262695 2955.606903076172
0.04222393035888672 2955.6105041503906
0.04243206977844238 2955.615020751953
0.042227983474731445 2955.6202392578125
0.04204392433166504 2955.6253967285156
0.04253196716308594 2955.630126953125
0.042047977447509766 2955.6337280273438
0.0419468879699707 2955.635772705078
0.04218292236328125 2955.6360778808594
0.04264330863952637 2955.6346435546875
0.08448004722595215 2955.6318359375
0.0724639892578125 2955.6280212402344
0.04205179214477539 2955.6235961914062
0.04246783256530762 2955.6190185546875
0.042215824127197266 2955.6146545410156
0.04201698303222656 2955.6110229492188
0.17515802383422852 2955.608612060547
0.044438838958740234 2955.607696533203
0.043524980545043945 2955.6082763671875
0.04248809814453125 2955.610321044922
0.042507171630859375 2955.6134033203125
0.04260087013244629 2955.6172790527344
0.042526960372924805 2955.621551513672
0.04315805435180664 2955.6257934570312
0.0422821044921875 2955.6295776367188
0.04267287254333496 2955.6324768066406
0.04253411293029785 2955.634063720703
0.0425417423248291 2955.6341552734375
0.04196810722351074 2955.6327209472656
0.041760921478271484 2955.6301879882812
0.04174399375915527 2955.6265869140625
0.041876792907714844 2955.6224365234375
0.04236960411071777 2955.6180725097656
0.043173789978027344 2955.614013671875
0.042714834213256836 2955.6106567382812
0.04225587844848633 2955.6085815429688
0.0429689884185791 2955.6079711914062
0.042093753814697266 2955.6089782714844
0.046730995178222656 2955.6113891601562
0.04229378700256348 2955.614959716797
0.04315686225891113 2955.6192626953125
0.04218888282775879 2955.6239624023438
0.04224681854248047 2955.6284790039062
0.04216790199279785 2955.6321716308594
0.042578935623168945 2955.6346130371094
0.04329085350036621 2955.6354064941406
0.04261589050292969 2955.6344299316406
0.041990041732788086 2955.6318359375
0.042814016342163086 2955.6279296875
0.04413914680480957 2955.6231079101562
0.04194307327270508 2955.617919921875
0.043231964111328125 2955.613006591797
0.04228401184082031 2955.6089782714844
0.04209113121032715 2955.6065368652344
0.04219412803649902 2955.605926513672
0.04154324531555176 2955.6072998046875
0.0415799617767334 2955.6104431152344
0.0431821346282959 2955.614990234375
0.04217195510864258 2955.620391845703
0.04195213317871094 2955.6260681152344
0.06870007514953613 2955.6312255859375
0.04220700263977051 2955.6351928710938
0.04235982894897461 2955.6372985839844
0.06141996383666992 2955.637420654297
0.04215598106384277 2955.6353454589844
0.04531097412109375 2955.631591796875
0.04241299629211426 2955.62646484375
0.042244911193847656 2955.6206970214844
0.04239988327026367 2955.6148071289062
0.04581093788146973 2955.6098022460938
0.04219317436218262 2955.6061096191406
0.04179787635803223 2955.6044921875
0.04232192039489746 2955.605010986328
0.04156613349914551 2955.6076049804688
0.041584014892578125 2955.6117553710938
0.04175996780395508 2955.6170349121094
0.07326793670654297 2955.622772216797
0.041828155517578125 2955.628448486328
0.04149198532104492 2955.6331481933594
0.04144096374511719 2955.6363830566406
0.04272890090942383 2955.6376342773438
0.04192304611206055 2955.6368408203125
0.04189920425415039 2955.6342163085938
0.04184985160827637 2955.630157470703
0.04210305213928223 2955.625244140625
0.041663169860839844 2955.6197814941406
0.04166126251220703 2955.6145629882812
0.0415959358215332 2955.610137939453
0.04169487953186035 2955.607177734375
0.041873931884765625 2955.6058959960938
0.04173994064331055 2955.6064453125
0.04241800308227539 2955.6087341308594
0.042179107666015625 2955.6123046875
0.04175710678100586 2955.6167907714844
0.04216909408569336 2955.6217041015625
0.04201316833496094 2955.6265563964844
0.04169774055480957 2955.6307983398438
0.04173612594604492 2955.6339111328125
0.041808128356933594 2955.6354370117188
0.04178190231323242 2955.6353759765625
0.04159092903137207 2955.6336059570312
0.04188227653503418 2955.630615234375
0.04180002212524414 2955.6266479492188
0.04161572456359863 2955.6221923828125
0.04164695739746094 2955.6175537109375
0.04157686233520508 2955.613311767578
0.04197502136230469 2955.6099548339844
0.1492900848388672 2955.6080322265625
0.04561781883239746 2955.6075134277344
0.04183006286621094 2955.6087036132812
0.041812896728515625 2955.6112365722656
0.041471004486083984 2955.6148376464844
0.04162907600402832 2955.6190795898438
0.04205322265625 2955.6235961914062
0.04183506965637207 2955.627960205078
0.041725873947143555 2955.631591796875
0.04205322265625 2955.634033203125
0.04196310043334961 2955.6348876953125
0.04213523864746094 2955.6341857910156
0.07207202911376953 2955.6320190429688
0.041693925857543945 2955.6286010742188
0.04177975654602051 2955.6243591308594
0.041700124740600586 2955.6196899414062
0.04150986671447754 2955.6150512695312
0.04165983200073242 2955.611114501953
0.04154396057128906 2955.608367919922
0.04174065589904785 2955.607177734375
0.04204607009887695 2955.6077270507812
0.041892051696777344 2955.60986328125
0.04147696495056152 2955.6133422851562
0.04178023338317871 2955.6177673339844
0.041883230209350586 2955.622802734375
0.0427861213684082 2955.627655029297
0.04181194305419922 2955.6318969726562
0.04158616065979004 2955.6348571777344
0.04113507270812988 2955.6360778808594
0.04175615310668945 2955.635467529297
0.04170513153076172 2955.6331176757812
0.04210400581359863 2955.629364013672
0.04152321815490723 2955.624481201172
0.041558027267456055 2955.619171142578
0.05329608917236328 2955.6139221191406
0.042012929916381836 2955.609588623047
0.0418241024017334 2955.606658935547
0.0417628288269043 2955.6055603027344
0.0409541130065918 2955.6065368652344
0.041722774505615234 2955.6092529296875
0.04187417030334473 2955.613494873047
0.041584014892578125 2955.6187133789062
0.04180192947387695 2955.624267578125
0.04112887382507324 2955.629638671875
0.041352033615112305 2955.6339721679688
0.04124188423156738 2955.6366577148438
0.06981611251831055 2955.637420654297
0.08979487419128418 2955.6360473632812
0.04244518280029297 2955.6329956054688
0.041886091232299805 2955.6284790039062
0.04160904884338379 2955.6231384277344
0.0420839786529541 2955.617431640625
0.04150700569152832 2955.6121826171875
0.041307926177978516 2955.6080932617188
0.041522979736328125 2955.6056213378906
0.04191780090332031 2955.605194091797
0.041615962982177734 2955.606658935547
0.04176616668701172 2955.6099243164062
0.04113411903381348 2955.6144104003906
0.042059898376464844 2955.619659423828
0.04130196571350098 2955.6251525878906
0.041735172271728516 2955.6301879882812
0.04163694381713867 2955.6341247558594
0.04137706756591797 2955.636444091797
0.04178190231323242 2955.6367797851562
0.04137897491455078 2955.6354064941406
0.041593074798583984 2955.6323852539062
0.04143071174621582 2955.6280822753906
0.04109382629394531 2955.6231079101562
0.04158473014831543 2955.617950439453
0.041131019592285156 2955.6131591796875
0.04183697700500488 2955.6093139648438
0.042044878005981445 2955.606964111328
0.04137015342712402 2955.6062927246094
0.04210996627807617 2955.607452392578
0.046051025390625 2955.6101684570312
0.04185009002685547 2955.614044189453
0.04137301445007324 2955.618621826172
0.041635751724243164 2955.623504638672
0.04153084754943848 2955.628204345703
0.0411221981048584 2955.6320190429688
0.04146885871887207 2955.6347045898438
0.04181504249572754 2955.6355895996094
0.041333913803100586 2955.6348571777344
0.04240894317626953 2955.6326293945312
0.04190683364868164 2955.629119873047
0.04170083999633789 2955.624786376953
0.04182028770446777 2955.620147705078
0.041687726974487305 2955.615478515625
0.04126715660095215 2955.6114807128906
0.04140305519104004 2955.608642578125
0.04217696189880371 2955.6072387695312
0.04184293746948242 2955.6075744628906
0.04138493537902832 2955.6094665527344
0.04141592979431152 2955.6127014160156
0.04137420654296875 2955.6167907714844
0.0419158935546875 2955.6214904785156
0.04158210754394531 2955.626220703125
0.059040069580078125 2955.630401611328
0.04207277297973633 2955.633575439453
0.04165911674499512 2955.6351928710938
0.04194998741149902 2955.6351928710938
0.04132366180419922 2955.6334838867188
0.04115605354309082 2955.630401611328
0.04323720932006836 2955.626251220703
0.043761253356933594 2955.6214599609375
0.04163312911987305 2955.6165771484375
0.0414431095123291 2955.6121215820312
0.04128384590148926 2955.6087341308594
0.04194903373718262 2955.60693359375
0.04205918312072754 2955.6068115234375
0.041977882385253906 2955.6085205078125
0.041184186935424805 2955.6116638183594
0.041519880294799805 2955.615966796875
0.041761159896850586 2955.6209716796875
0.04164886474609375 2955.6261596679688
0.04120802879333496 2955.630828857422
0.04136776924133301 2955.634307861328
0.04125809669494629 2955.636199951172
0.04124712944030762 2955.636199951172
0.07228684425354004 2955.6343994140625
0.04206418991088867 2955.6309814453125
0.07049393653869629 2955.6264038085938
0.04143691062927246 2955.62109375
0.04149794578552246 2955.6158142089844
0.04127216339111328 2955.6109924316406
0.041382789611816406 2955.6075439453125
0.04128217697143555 2955.605743408203
0.041246891021728516 2955.605926513672
0.04153919219970703 2955.6079711914062
0.04113912582397461 2955.6116333007812
0.04192495346069336 2955.616424560547
0.04166889190673828 2955.621826171875
0.04258012771606445 2955.6272583007812
0.041708946228027344 2955.6320190429688
0.04196286201477051 2955.6354064941406
0.04197812080383301 2955.636993408203
0.04115772247314453 2955.636688232422
0.04172992706298828 2955.6344299316406
0.041719913482666016 2955.630584716797
0.04131889343261719 2955.625732421875
0.04154014587402344 2955.620391845703
0.04171109199523926 2955.6150512695312
0.0414583683013916 2955.6104125976562
0.04357409477233887 2955.6071166992188
0.04172873497009277 2955.6055908203125
0.04185676574707031 2955.6060791015625
0.04217219352722168 2955.6083068847656
0.04195094108581543 2955.612030029297
0.04149913787841797 2955.6167907714844
0.04183793067932129 2955.622039794922
0.04159712791442871 2955.627197265625
0.04196310043334961 2955.6317138671875
0.04167771339416504 2955.6349487304688
0.04122495651245117 2955.6363830566406
0.04223918914794922 2955.6360778808594
0.04179191589355469 2955.634033203125
0.04189705848693848 2955.6305236816406
0.0417180061340332 2955.6260375976562
0.04221820831298828 2955.6210327148438
0.041333675384521484 2955.6160583496094
0.04194998741149902 2955.611602783203
0.04166293144226074 2955.6083374023438
0.04134511947631836 2955.6066284179688
0.04138898849487305 2955.6067504882812
0.041799068450927734 2955.6085205078125
0.04163217544555664 2955.6116333007812
0.0413670539855957 2955.6158752441406
0.04163408279418945 2955.620635986328
0.0414729118347168 2955.6256103515625
0.04212498664855957 2955.6300048828125
0.041664838790893555 2955.6334533691406
0.041867971420288086 2955.6353454589844
0.04111003875732422 2955.635528564453
0.04172515869140625 2955.6341247558594
0.0415799617767334 2955.6312561035156
0.04179835319519043 2955.627227783203
0.041873931884765625 2955.6226196289062
0.041481971740722656 2955.6177673339844
0.0409548282623291 2955.61328125
0.04166913032531738 2955.6097106933594
0.04157590866088867 2955.607391357422
0.04209089279174805 2955.606964111328
0.041812896728515625 2955.608154296875
0.0424959659576416 2955.6107788085938
0.04134511947631836 2955.6146240234375
0.041512250900268555 2955.6192321777344
0.04143691062927246 2955.6242065429688
0.04144096374511719 2955.6288146972656
0.04157400131225586 2955.632568359375
0.0711679458618164 2955.6350708007812
0.04201483726501465 2955.635772705078
0.04175615310668945 2955.634735107422
0.04167675971984863 2955.6321411132812
0.04158306121826172 2955.6282653808594
0.04177498817443848 2955.6235961914062
0.041665077209472656 2955.6185302734375
0.04160308837890625 2955.6137084960938
0.07640600204467773 2955.6097412109375
0.04364204406738281 2955.607177734375
0.04158377647399902 2955.606414794922
0.042250871658325195 2955.6073608398438
0.04155111312866211 2955.6100158691406
0.04125213623046875 2955.614013671875
0.041697025299072266 2955.6188354492188
0.04178118705749512 2955.6241149902344
0.04209160804748535 2955.6290283203125
0.041684865951538086 2955.6331176757812
0.04169917106628418 2955.635711669922
0.041681766510009766 2955.636474609375
0.04140305519104004 2955.6354370117188
0.04167294502258301 2955.632598876953
0.0414891242980957 2955.6285095214844
0.04165506362915039 2955.623504638672
0.04131722450256348 2955.618194580078
0.0420222282409668 2955.6131286621094
0.041471004486083984 2955.6090393066406
0.04143500328063965 2955.606414794922
0.04194927215576172 2955.605743408203
0.0418848991394043 2955.606964111328
0.04157686233520508 2955.60986328125
0.04198288917541504 2955.6141052246094
0.04144620895385742 2955.619171142578
0.041552066802978516 2955.6245727539062
0.0413670539855957 2955.629638671875
0.04197120666503906 2955.6336669921875
0.04136490821838379 2955.6361389160156
0.04163813591003418 2955.636749267578
0.04123997688293457 2955.6355590820312
0.04161810874938965 2955.632568359375
0.04147219657897949 2955.6283569335938
0.04184389114379883 2955.623260498047
0.04162096977233887 2955.617950439453
0.042685747146606445 2955.6129150390625
0.04143381118774414 2955.608917236328
0.04182910919189453 2955.606475830078
0.04151511192321777 2955.6058654785156
0.04176187515258789 2955.6071166992188
0.04192686080932617 2955.6099853515625
0.0416719913482666 2955.6141357421875
0.04131507873535156 2955.6190185546875
0.042082786560058594 2955.624237060547
0.041149139404296875 2955.629119873047
0.04184079170227051 2955.6331176757812
0.04206395149230957 2955.6356506347656
0.05838203430175781 2955.6363525390625
0.041982173919677734 2955.63525390625
0.043347835540771484 2955.632568359375
0.04228806495666504 2955.628631591797
0.04546713829040527 2955.6239318847656
0.04221296310424805 2955.618896484375
0.042304039001464844 2955.614044189453
0.04218173027038574 2955.6100463867188
0.04255485534667969 2955.607391357422
0.0419919490814209 2955.6065063476562
0.04160118103027344 2955.6072998046875
0.041699886322021484 2955.6098022460938
0.042630910873413086 2955.613494873047
0.04184079170227051 2955.6179809570312
0.04185295104980469 2955.6228942871094
0.041683197021484375 2955.6277770996094
0.04156184196472168 2955.6318969726562
0.04188203811645508 2955.6346740722656
0.04126715660095215 2955.6358337402344
0.04163408279418945 2955.63525390625
0.04171895980834961 2955.6329956054688
0.041954755783081055 2955.6294860839844
0.04140496253967285 2955.6250610351562
0.04247593879699707 2955.620086669922
0.04192018508911133 2955.6152954101562
0.042939186096191406 2955.6111450195312
0.042305946350097656 2955.6080932617188
0.04944205284118652 2955.606719970703
0.04219388961791992 2955.607147216797
0.041726112365722656 2955.609161376953
0.041544198989868164 2955.6126098632812
0.07391691207885742 2955.6170043945312
0.0418848991394043 2955.6218872070312
0.0419161319732666 2955.6268615722656
0.04167675971984863 2955.6311645507812
0.0433049201965332 2955.634307861328
0.0502629280090332 2955.6358337402344
0.04257082939147949 2955.6356506347656
0.042122840881347656 2955.6336669921875
0.041925907135009766 2955.6302490234375
0.04143786430358887 2955.6257934570312
0.04928708076477051 2955.620819091797
0.04285001754760742 2955.61572265625
0.04229116439819336 2955.611297607422
0.04203987121582031 2955.6080322265625
0.041903018951416016 2955.6064453125
0.0419309139251709 2955.6065673828125
0.042124032974243164 2955.6085815429688
0.04143381118774414 2955.6119995117188
0.04286003112792969 2955.6166076660156
0.04164004325866699 2955.6216735839844
0.04169178009033203 2955.6268615722656
0.041796207427978516 2955.6314086914062
0.06905078887939453 2955.634765625
0.04204607009887695 2955.6363525390625
0.04132509231567383 2955.6361694335938
0.04196572303771973 2955.6340942382812
0.042016029357910156 2955.6305541992188
0.041818857192993164 2955.6259765625
0.04259514808654785 2955.6207580566406
0.041886091232299805 2955.6155700683594
0.04161810874938965 2955.6109924316406
0.0413053035736084 2955.6076049804688
0.04135608673095703 2955.605987548828
0.04166078567504883 2955.606231689453
0.041461944580078125 2955.6083374023438
0.04175519943237305 2955.6118774414062
0.04167509078979492 2955.6165771484375
0.04157900810241699 2955.621826171875
0.04177212715148926 2955.626983642578
0.041626691818237305 2955.631622314453
0.04341602325439453 2955.6349182128906
0.04338502883911133 2955.6365356445312
0.04175686836242676 2955.636260986328
0.04199981689453125 2955.6341857910156
0.041871070861816406 2955.630584716797
0.04184389114379883 2955.626007080078
0.04165911674499512 2955.620849609375
0.04172182083129883 2955.615692138672
0.04140186309814453 2955.611083984375
0.041825056076049805 2955.6077575683594
0.04145216941833496 2955.606170654297
0.041645050048828125 2955.6063537597656
0.04251909255981445 2955.608367919922
0.043356895446777344 2955.6117553710938
0.04174995422363281 2955.616241455078
0.04175305366516113 2955.621337890625
0.04169297218322754 2955.6264038085938
0.041349172592163086 2955.6309509277344
0.04136300086975098 2955.6343383789062
0.041867733001708984 2955.6361083984375
0.04182887077331543 2955.635986328125
0.04553699493408203 2955.6342163085938
0.041864871978759766 2955.6309204101562
0.04155707359313965 2955.6265869140625
0.04161190986633301 2955.621612548828
0.04210996627807617 2955.6166076660156
0.042051076889038086 2955.6121215820312
0.08136224746704102 2955.608612060547
0.04191088676452637 2955.6067504882812
0.041902780532836914 2955.6065979003906
0.04178571701049805 2955.608184814453
0.043942928314208984 2955.611297607422
0.042005062103271484 2955.615478515625
0.041731834411621094 2955.620330810547
0.041480064392089844 2955.6253662109375
0.041648149490356445 2955.629913330078
0.07070279121398926 2955.6334838867188
0.042246103286743164 2955.635467529297
0.04220914840698242 2955.6358337402344
0.04174208641052246 2955.6344604492188
0.04191088676452637 2955.631561279297
0.04158282279968262 2955.627410888672
0.041665077209472656 2955.6226806640625
0.04178500175476074 2955.617645263672
0.0417630672454834 2955.613006591797
0.04188799858093262 2955.6092834472656
0.04212379455566406 2955.6070251464844
0.04179716110229492 2955.6065673828125
0.041548967361450195 2955.6078491210938
0.04201698303222656 2955.610626220703
0.04197239875793457 2955.6146850585938
0.041741132736206055 2955.6195068359375
0.04197883605957031 2955.6245727539062
0.041712284088134766 2955.6293029785156
0.04179811477661133 2955.633087158203
0.041407108306884766 2955.635467529297
0.04112100601196289 2955.6360473632812
0.041667938232421875 2955.6349182128906
0.04177975654602051 2955.632080078125
0.04153895378112793 2955.6281127929688
0.04177713394165039 2955.6232299804688
0.04180407524108887 2955.6181030273438
0.0420527458190918 2955.613311767578
0.04175066947937012 2955.609344482422
0.041526079177856445 2955.606903076172
0.041697025299072266 2955.606231689453
0.042021989822387695 2955.6073303222656
0.04167819023132324 2955.610137939453
0.04167318344116211 2955.6141967773438
0.041213035583496094 2955.619140625
0.04176020622253418 2955.6243896484375
0.04123806953430176 2955.6292724609375
0.041371822357177734 2955.6332092285156
0.041275978088378906 2955.635772705078
0.043311119079589844 2955.636444091797
0.041210174560546875 2955.635284423828
0.0699920654296875 2955.6324462890625
0.042088985443115234 2955.628387451172
0.04240298271179199 2955.6234130859375
0.05040407180786133 2955.6181640625
0.04202866554260254 2955.6131896972656
0.0419919490814209 2955.6091918945312
0.04174494743347168 2955.606658935547
0.04473304748535156 2955.605987548828
0.04230523109436035 2955.607177734375
0.042140960693359375 2955.6099243164062
0.042652130126953125 2955.614044189453
0.04163384437561035 2955.6190185546875
0.04181671142578125 2955.624267578125
0.04172492027282715 2955.629180908203
0.07091689109802246 2955.633270263672
0.041828155517578125 2955.6357421875
0.04163193702697754 2955.636474609375
0.041819095611572266 2955.6353759765625
0.04169201850891113 2955.632568359375
0.041915178298950195 2955.6285400390625
0.04132509231567383 2955.6236877441406
0.04123115539550781 2955.6184997558594
0.0417022705078125 2955.613555908203
0.04192328453063965 2955.6095581054688
0.04185295104980469 2955.60693359375
0.0429837703704834 2955.6061096191406
0.041979074478149414 2955.6071166992188
0.04215192794799805 2955.6098022460938
0.04175615310668945 2955.61376953125
0.04175901412963867 2955.6184997558594
0.04146599769592285 2955.6236877441406
0.04158282279968262 2955.6285400390625
0.04145693778991699 2955.6326293945312
0.04170823097229004 2955.635284423828
0.04195880889892578 2955.63623046875
0.041706085205078125 2955.6353149414062
0.0747079849243164 2955.6328125
0.04184699058532715 2955.6290283203125
0.04186391830444336 2955.6243591308594
0.04166913032531738 2955.6192626953125
0.04174089431762695 2955.6144104003906
0.0474398136138916 2955.6102600097656
0.04183483123779297 2955.6075134277344
0.04121804237365723 2955.6063842773438
0.04175400733947754 2955.6070861816406
0.04189181327819824 2955.609405517578
0.041593074798583984 2955.6131591796875
0.04191184043884277 2955.6177673339844
