0.07022595405578613 3248.17431640625
0.05705404281616211 3327.182357788086
0.05653095245361328 3408.6966247558594
0.05625581741333008 3491.3311157226562
0.0559391975402832 3575.3890686035156
0.05709958076477051 3660.3534545898438
0.05573415756225586 3745.7872619628906
0.05591893196105957 3830.731201171875
0.05550098419189453 3915.4830322265625
0.05785989761352539 4000.238555908203
0.056348323822021484 4084.900634765625
0.056501150131225586 4168.952056884766
0.05581498146057129 4251.2662353515625
0.05580329895019531 4331.444061279297
0.05575275421142578 4410.047332763672
0.05597376823425293 4488.435119628906
0.05536365509033203 4567.359588623047
0.056578874588012695 4646.283142089844
0.054894208908081055 4724.6822509765625
0.055803775787353516 4798.83642578125
0.05589604377746582 4840.6776123046875
0.05655670166015625 4858.444793701172
0.05515789985656738 4873.311767578125
0.06547713279724121 4883.717712402344
0.05600595474243164 4890.295654296875
0.055732011795043945 4897.850250244141
0.05552268028259277 4905.942962646484
0.05571699142456055 4912.825927734375
0.05613303184509277 4915.717254638672
0.055992841720581055 4916.4510498046875
0.05575394630432129 4916.949493408203
0.08277130126953125 4917.080505371094
0.07793092727661133 4916.8878173828125
0.05531883239746094 4916.470397949219
0.05584907531738281 4915.966857910156
0.05735278129577637 4915.478271484375
0.05538201332092285 4915.191497802734
0.056339263916015625 4915.154937744141
0.05582094192504883 4915.440216064453
0.055644989013671875 4916.020904541016
0.05579805374145508 4916.77490234375
0.08362603187561035 4917.544189453125
0.055552005767822266 4918.171295166016
0.055554866790771484 4918.5340576171875
0.055459022521972656 4918.573272705078
0.055654048919677734 4918.305572509766
0.05527520179748535 4917.8177490234375
0.05800294876098633 4917.2442626953125
0.061604976654052734 4916.734436035156
0.055806875228881836 4916.418121337891
0.05550408363342285 4916.37451171875
0.05550384521484375 4916.616363525391
0.05706024169921875 4917.0880126953125
0.05714106559753418 4917.682403564453
0.055708885192871094 4918.268157958984
0.06125593185424805 4918.722625732422
0.06167411804199219 4918.9610595703125
0.0570371150970459 4918.955810546875
0.05554509162902832 4918.738677978516
0.05810904502868652 4918.392517089844
0.05619215965270996 4918.026428222656
0.05552101135253906 4917.747955322266
0.05551004409790039 4917.6363525390625
0.05556297302246094 4917.725372314453
0.055525779724121094 4917.996276855469
0.057607173919677734 4918.386871337891
0.05560612678527832 4918.79541015625
0.055464982986450195 4919.130462646484
0.05594491958618164 4919.333343505859
0.05554628372192383 4919.372741699219
0.055428266525268555 4919.240905761719
0.057563066482543945 4919.005828857422
0.056015968322753906 4918.740905761719
0.05577278137207031 4918.517120361328
0.05560612678527832 4918.389404296875
0.055954933166503906 4918.383392333984
0.056002140045166016 4918.491455078125
0.055409908294677734 4918.677429199219
0.05522608757019043 4918.887878417969
0.05601811408996582 4919.066955566406
0.055924177169799805 4919.172637939453
0.055596113204956055 4919.186126708984
0.0580899715423584 4919.114990234375
0.0556027889251709 4918.986358642578
0.05568671226501465 4918.839141845703
0.05563497543334961 4918.715728759766
0.05586981773376465 4918.646575927734
0.08343911170959473 4918.643981933594
0.05750703811645508 4918.701690673828
0.057376861572265625 4918.797943115234
0.05716085433959961 4918.90283203125
0.0560610294342041 4918.987518310547
0.056488752365112305 4919.031799316406
0.05653500556945801 4919.028289794922
0.057186126708984375 4918.983306884766
0.05584073066711426 4918.913909912109
0.05582404136657715 4918.841400146484
0.05620884895324707 4918.785705566406
0.056027889251708984 4918.759704589844
0.0557560920715332 4918.7667236328125
0.05670499801635742 4918.800994873047
0.05637693405151367 4918.849761962891
0.055767059326171875 4918.898040771484
0.15121698379516602 4918.932769775391
0.058158159255981445 4918.9464111328125
0.058174848556518555 4918.937835693359
0.05679798126220703 4918.912811279297
0.070648193359375 4918.879974365234
0.05649590492248535 4918.849700927734
0.05775785446166992 4918.829772949219
0.21710634231567383 4918.824279785156
0.12152767181396484 4918.832458496094
0.09152102470397949 4918.850006103516
0.059721946716308594 4918.870452880859
0.06405782699584961 4918.887359619141
0.05870223045349121 4918.896270751953
0.057353973388671875 4918.895660400391
0.06087017059326172 4918.886932373047
0.05833601951599121 4918.8739013671875
0.05654096603393555 4918.8612060546875
0.0566248893737793 4918.853210449219
0.05680584907531738 4918.852020263672
0.057103872299194336 4918.8580322265625
0.05641818046569824 4918.8695068359375
0.057173967361450195 4918.882781982422
0.056018829345703125 4918.8939208984375
0.05627703666687012 4918.899871826172
0.08432197570800781 4918.898590087891
0.056639909744262695 4918.889617919922
0.05627298355102539 4918.874938964844
0.05635714530944824 4918.857849121094
0.05690598487854004 4918.842010498047
0.05579495429992676 4918.830657958984
0.056329965591430664 4918.825836181641
0.057103872299194336 4918.828857421875
0.056324005126953125 4918.836151123047
0.0559229850769043 4918.8482666015625
0.05777311325073242 4918.863922119141
0.06029391288757324 4918.880187988281
0.1073458194732666 4918.894836425781
0.05706787109375 4918.9071044921875
0.05581998825073242 4918.914306640625
0.055934906005859375 4918.915618896484
0.056687116622924805 4918.911590576172
0.056051015853881836 4918.902923583984
0.05988192558288574 4918.8905029296875
0.05713009834289551 4918.8756103515625
0.056535959243774414 4918.859893798828
0.05852389335632324 4918.8458251953125
0.05683708190917969 4918.8358154296875
0.0566248893737793 4918.830383300781
0.056452035903930664 4918.826812744141
0.05795001983642578 4918.825012207031
0.056565046310424805 4918.825134277344
0.05604982376098633 4918.8270263671875
0.056272029876708984 4918.830718994141
0.05652308464050293 4918.83642578125
0.05890297889709473 4918.842712402344
0.05790376663208008 4918.849426269531
0.058016061782836914 4918.856109619141
0.05723094940185547 4918.862396240234
0.056794166564941406 4918.868225097656
0.05670809745788574 4918.873504638672
0.056971073150634766 4918.878204345703
0.056343793869018555 4918.8822021484375
0.05730390548706055 4918.885498046875
0.05687308311462402 4918.887725830078
0.057301998138427734 4918.888824462891
0.05720090866088867 4918.888732910156
0.05685305595397949 4918.887420654297
0.0565028190612793 4918.88525390625
0.05598902702331543 4918.882141113281
0.10773611068725586 4918.878509521484
0.05646014213562012 4918.874176025391
0.05605506896972656 4918.869659423828
0.056915998458862305 4918.8651123046875
0.056427955627441406 4918.8609619140625
0.05615401268005371 4918.857604980469
0.057591915130615234 4918.8553466796875
0.056569814682006836 4918.853515625
0.05599403381347656 4918.852844238281
0.05701589584350586 4918.853729248047
0.056880950927734375 4918.856018066406
0.0559999942779541 4918.859680175781
0.05562591552734375 4918.864715576172
0.05576515197753906 4918.870819091797
0.05661273002624512 4918.877471923828
0.0571293830871582 4918.884063720703
0.059967994689941406 4918.889892578125
0.05663585662841797 4918.894073486328
0.05671811103820801 4918.896240234375
0.05556082725524902 4918.896209716797
0.05583906173706055 4918.893890380859
0.05738115310668945 4918.889495849609
0.056036949157714844 4918.882995605469
0.05648303031921387 4918.874572753906
0.059748172760009766 4918.864959716797
0.0581202507019043 4918.8553466796875
0.05577588081359863 4918.846893310547
0.058779001235961914 4918.840728759766
0.05565690994262695 4918.8359375
0.056980133056640625 4918.833892822266
0.05670022964477539 4918.834564208984
0.09524703025817871 4918.838226318359
0.05872201919555664 4918.844970703125
0.05661582946777344 4918.8529052734375
0.05628490447998047 4918.860137939453
0.055509090423583984 4918.867431640625
0.05649089813232422 4918.874725341797
0.05620312690734863 4918.881408691406
0.05644416809082031 4918.887420654297
0.08313179016113281 4918.892150878906
0.0557248592376709 4918.894836425781
0.05579400062561035 4918.895477294922
0.05606794357299805 4918.89404296875
0.05620622634887695 4918.890716552734
0.05720329284667969 4918.8857421875
0.05615687370300293 4918.879211425781
0.09264516830444336 4918.871551513672
0.060771942138671875 4918.8631591796875
0.05647468566894531 4918.855255126953
0.05657601356506348 4918.848541259766
0.05647611618041992 4918.843536376953
0.05632901191711426 4918.839813232422
0.05614471435546875 4918.838134765625
0.06428813934326172 4918.8389892578125
0.05753302574157715 4918.842315673828
0.05753898620605469 4918.84814453125
0.058027029037475586 4918.85595703125
0.0618438720703125 4918.863128662109
0.0611720085144043 4918.870086669922
0.05666828155517578 4918.876739501953
0.05664801597595215 4918.882904052734
0.05591917037963867 4918.888336181641
0.05748605728149414 4918.892272949219
0.056638240814208984 4918.894287109375
0.05868816375732422 4918.894317626953
0.056131839752197266 4918.892578125
0.056432247161865234 4918.889007568359
0.057007789611816406 4918.883819580078
0.05708909034729004 4918.877258300781
0.057023048400878906 4918.8697509765625
0.05569195747375488 4918.861785888672
0.15808796882629395 4918.8543701171875
0.05615687370300293 4918.848297119141
0.05704307556152344 4918.843597412109
0.05624508857727051 4918.840270996094
0.056372880935668945 4918.839141845703
0.056077003479003906 4918.840576171875
0.06614208221435547 4918.844482421875
0.05797696113586426 4918.850769042969
0.05639982223510742 4918.858673095703
0.06678009033203125 4918.8658447265625
0.05623912811279297 4918.872741699219
0.05802512168884277 4918.879333496094
0.05613398551940918 4918.885345458984
0.05582404136657715 4918.890319824219
0.05698680877685547 4918.893615722656
0.0898280143737793 4918.8948974609375
0.05810284614562988 4918.894226074219
0.05607795715332031 4918.891571044922
0.0556330680847168 4918.887237548828
0.056301116943359375 4918.881317138672
0.06432580947875977 4918.874053955078
0.05656599998474121 4918.866027832031
0.0564579963684082 4918.857940673828
0.05649304389953613 4918.850921630859
0.05598115921020508 4918.845489501953
0.05609393119812012 4918.841003417969
0.05658698081970215 4918.838592529297
0.05665183067321777 4918.838684082031
0.0561678409576416 4918.8411865234375
0.056397199630737305 4918.846405029297
0.056240081787109375 4918.853820800781
0.055873870849609375 4918.861358642578
0.056365013122558594 4918.868408203125
0.055848121643066406 4918.875244140625
0.055768728256225586 4918.881591796875
0.05743527412414551 4918.887359619141
0.05579209327697754 4918.8917236328125
0.0565640926361084 4918.894226074219
0.056899070739746094 4918.894775390625
0.05604100227355957 4918.8934326171875
0.05636191368103027 4918.890106201172
0.05588197708129883 4918.885192871094
0.05573105812072754 4918.878753662109
0.05575084686279297 4918.871276855469
0.05635833740234375 4918.863189697266
0.05662798881530762 4918.85546875
0.05668306350708008 4918.848937988281
0.05565905570983887 4918.843841552734
0.06425213813781738 4918.840026855469
0.05618000030517578 4918.8385009765625
0.05747795104980469 4918.839263916016
0.05750703811645508 4918.842681884766
0.05823993682861328 4918.848602294922
0.05672502517700195 4918.856353759766
0.055726051330566406 4918.863586425781
0.05622506141662598 4918.870574951172
0.05686616897583008 4918.877288818359
0.05635499954223633 4918.883483886719
0.06366395950317383 4918.888824462891
0.056236982345581055 4918.892730712891
0.08333992958068848 4918.894714355469
0.05538606643676758 4918.894622802734
0.05868959426879883 4918.892608642578
0.055815935134887695 4918.888763427734
0.057199716567993164 4918.88330078125
0.05585289001464844 4918.876525878906
0.05562901496887207 4918.868682861328
0.056114912033081055 4918.860626220703
0.05844283103942871 4918.8531494140625
0.05786299705505371 4918.847229003906
0.05601382255554199 4918.8424072265625
0.058912038803100586 4918.839294433594
0.056014060974121094 4918.838470458984
0.05649900436401367 4918.840148925781
0.05631685256958008 4918.844421386719
0.056162118911743164 4918.851135253906
0.0962979793548584 4918.859130859375
0.05607891082763672 4918.866149902344
0.05591917037963867 4918.873077392578
0.05723404884338379 4918.879455566406
0.05815911293029785 4918.885467529297
0.05562114715576172 4918.890380859375
0.05655717849731445 4918.893646240234
0.05539298057556152 4918.8948974609375
0.055844783782958984 4918.894104003906
0.05675101280212402 4918.891418457031
0.056533098220825195 4918.887023925781
0.06498289108276367 4918.8809814453125
0.05663180351257324 4918.873779296875
0.055822134017944336 4918.865814208984
0.05553388595581055 4918.857849121094
0.056778907775878906 4918.850921630859
0.05585002899169922 4918.8455810546875
0.0556178092956543 4918.841156005859
0.055359840393066406 4918.8387451171875
0.055795907974243164 4918.838775634766
0.05596494674682617 4918.84130859375
0.05656099319458008 4918.846527099609
0.05576300621032715 4918.8538818359375
0.05585479736328125 4918.861480712891
0.055435895919799805 4918.868438720703
0.05553007125854492 4918.875244140625
0.05577898025512695 4918.881622314453
0.05638909339904785 4918.887237548828
0.05561375617980957 4918.8916015625
0.05572199821472168 4918.894195556641
0.08330202102661133 4918.894744873047
0.055864810943603516 4918.893371582031
0.056257009506225586 4918.89013671875
0.05637192726135254 4918.885223388672
0.055854082107543945 4918.878814697266
0.06011819839477539 4918.871368408203
0.06056618690490723 4918.863311767578
0.05581998825073242 4918.855529785156
0.0559697151184082 4918.849060058594
0.05696988105773926 4918.843933105469
0.055745840072631836 4918.840179443359
0.05661797523498535 4918.83837890625
0.05605792999267578 4918.839172363281
0.05578780174255371 4918.842559814453
0.05716586112976074 4918.848449707031
0.056745052337646484 4918.8563232421875
0.0557560920715332 4918.863464355469
0.05527496337890625 4918.8704833984375
0.05576181411743164 4918.877166748047
0.05579686164855957 4918.883361816406
0.055577754974365234 4918.888763427734
0.059123992919921875 4918.892639160156
0.055974721908569336 4918.8946533203125
0.0557861328125 4918.8946533203125
0.058017730712890625 4918.892669677734
0.055831193923950195 4918.888824462891
0.055841922760009766 4918.883453369141
0.05689883232116699 4918.876647949219
0.055715084075927734 4918.868835449219
0.05560922622680664 4918.860870361328
0.05592823028564453 4918.853424072266
0.055715084075927734 4918.847351074219
0.05546379089355469 4918.842529296875
0.05679798126220703 4918.839294433594
0.055223941802978516 4918.838409423828
0.05550789833068848 4918.8399658203125
0.07370996475219727 4918.844085693359
0.05600714683532715 4918.850738525391
0.05573296546936035 4918.858703613281
0.05764460563659668 4918.86572265625
0.08356618881225586 4918.872650146484
0.05562996864318848 4918.879150390625
0.056005001068115234 4918.885162353516
0.05561017990112305 4918.890197753906
0.05597710609436035 4918.893463134766
0.1650700569152832 4918.894836425781
0.057314157485961914 4918.894195556641
0.055716753005981445 4918.891540527344
0.05846214294433594 4918.88720703125
0.060949087142944336 4918.88134765625
0.057035207748413086 4918.874237060547
0.12678003311157227 4918.866271972656
0.05798506736755371 4918.858306884766
0.056246042251586914 4918.851287841797
0.05711007118225098 4918.845977783203
0.05547595024108887 4918.841400146484
0.05658698081970215 4918.838836669922
0.05623221397399902 4918.838592529297
0.055994272232055664 4918.8409423828125
0.05582308769226074 4918.8460693359375
0.05598592758178711 4918.853332519531
0.057122230529785156 4918.8609619140625
0.05760598182678223 4918.867950439453
0.05677604675292969 4918.874786376953
0.055763959884643555 4918.881072998047
0.05626177787780762 4918.886779785156
0.05736112594604492 4918.891296386719
0.05617403984069824 4918.893951416016
0.056802988052368164 4918.894775390625
0.056749820709228516 4918.893493652344
0.05586695671081543 4918.890411376953
0.05650901794433594 4918.885559082031
0.05597090721130371 4918.879333496094
0.0557560920715332 4918.871856689453
0.05658292770385742 4918.863922119141
0.056025028228759766 4918.856170654297
0.05557608604431152 4918.849578857422
0.05607104301452637 4918.8443603515625
0.08447003364562988 4918.840301513672
0.05572795867919922 4918.838470458984
0.05701708793640137 4918.838958740234
0.0558619499206543 4918.842071533203
0.05579113960266113 4918.8477783203125
0.05553269386291504 4918.855529785156
0.05561113357543945 4918.8629150390625
0.08983588218688965 4918.869842529297
0.05872797966003418 4918.8765869140625
0.055999040603637695 4918.882904052734
0.055600881576538086 4918.8883056640625
0.055696725845336914 4918.892395019531
0.055837392807006836 4918.894592285156
0.05598187446594238 4918.894836425781
0.05740785598754883 4918.893035888672
0.05604672431945801 4918.889343261719
0.055631160736083984 4918.884094238281
0.056596994400024414 4918.877380371094
0.05585217475891113 4918.86962890625
0.05554699897766113 4918.861602783203
0.0575871467590332 4918.854034423828
0.05570101737976074 4918.8477783203125
0.05651092529296875 4918.842834472656
0.05589604377746582 4918.839447021484
0.055809974670410156 4918.838226318359
0.05685019493103027 4918.839508056641
0.05551791191101074 4918.843475341797
0.05563688278198242 4918.849853515625
0.07091403007507324 4918.857818603516
0.056038856506347656 4918.864929199219
0.055989980697631836 4918.871917724609
0.056516170501708984 4918.878479003906
0.055516719818115234 4918.884582519531
0.05556201934814453 4918.889709472656
0.05575394630432129 4918.893218994141
0.055383920669555664 4918.894836425781
0.05553722381591797 4918.894378662109
0.05684685707092285 4918.892059326172
0.05588388442993164 4918.887847900391
0.05588817596435547 4918.882171630859
0.05560421943664551 4918.875091552734
0.055738210678100586 4918.867156982422
0.05577206611633301 4918.859222412109
0.056327104568481445 4918.85205078125
0.05612683296203613 4918.846405029297
0.06387495994567871 4918.841766357422
0.05563211441040039 4918.839019775391
0.055432796478271484 4918.838439941406
0.4231259822845459 4918.8404541015625
0.05781102180480957 4918.84521484375
0.056385040283203125 4918.852294921875
0.05587005615234375 4918.860046386719
0.05600118637084961 4918.867004394531
0.08572578430175781 4918.8739013671875
0.05607771873474121 4918.880279541016
0.056813716888427734 4918.8861083984375
0.05626416206359863 4918.8907470703125
0.055420875549316406 4918.893768310547
0.05577206611633301 4918.894775390625
0.05565905570983887 4918.893737792969
0.055371999740600586 4918.890930175781
0.05655312538146973 4918.88623046875
0.05539107322692871 4918.880157470703
0.05573606491088867 4918.872894287109
0.05519604682922363 4918.864929199219
0.23057103157043457 4918.857086181641
0.057099103927612305 4918.850372314453
0.05582785606384277 4918.845031738281
0.05579185485839844 4918.840789794922
0.055650949478149414 4918.838592529297
0.055896759033203125 4918.8387451171875
0.05528974533081055 4918.841522216797
0.056700944900512695 4918.846893310547
0.055344343185424805 4918.8546142578125
0.0555570125579834 4918.861999511719
0.05651092529296875 4918.868927001953
0.05568981170654297 4918.875732421875
0.0550990104675293 4918.881988525391
0.05708789825439453 4918.887603759766
0.058728933334350586 4918.892028808594
0.05533909797668457 4918.894378662109
0.05584216117858887 4918.894866943359
0.05584430694580078 4918.893371582031
0.055795907974243164 4918.889953613281
0.05676889419555664 4918.884857177734
0.05536603927612305 4918.878356933594
0.05559802055358887 4918.8707275390625
0.05522322654724121 4918.862731933594
0.05621695518493652 4918.855010986328
0.05649209022521973 4918.8486328125
0.056559085845947266 4918.843505859375
0.0559840202331543 4918.8397216796875
0.055666208267211914 4918.8382568359375
0.08919405937194824 4918.839172363281
0.05506181716918945 4918.842712402344
0.055433034896850586 4918.8487548828125
0.05531787872314453 4918.8565673828125
0.05552101135253906 4918.863830566406
0.05540585517883301 4918.870697021484
0.1489572525024414 4918.877410888672
0.055882930755615234 4918.883575439453
0.06426382064819336 4918.888854980469
0.058487653732299805 4918.8927001953125
0.05533289909362793 4918.894683837891
0.05520367622375488 4918.894561767578
0.055336952209472656 4918.892517089844
0.05502009391784668 4918.888641357422
0.05505108833312988 4918.883209228516
0.09883403778076172 4918.876403808594
0.05580306053161621 4918.868560791016
0.054810285568237305 4918.860565185547
0.055355072021484375 4918.853210449219
0.05503106117248535 4918.847259521484
0.05535697937011719 4918.842437744141
0.05519294738769531 4918.839324951172
0.060285091400146484 4918.838317871094
0.056450605392456055 4918.839904785156
0.05576920509338379 4918.844207763672
0.05524420738220215 4918.850891113281
0.0560302734375 4918.85888671875
0.05535101890563965 4918.865875244141
0.05512690544128418 4918.872802734375
0.05552172660827637 4918.8792724609375
0.056542158126831055 4918.885223388672
0.055367231369018555 4918.890197753906
0.05543398857116699 4918.893463134766
0.05584430694580078 4918.894805908203
0.055145978927612305 4918.894134521484
0.055086612701416016 4918.891540527344
0.055275917053222656 4918.887176513672
0.0553591251373291 4918.881256103516
0.0592350959777832 4918.874114990234
0.05923819541931152 4918.866149902344
0.05894207954406738 4918.858337402344
0.059908151626586914 4918.851318359375
0.058899879455566406 4918.846038818359
0.059294939041137695 4918.841369628906
0.05896306037902832 4918.838806152344
0.08865189552307129 4918.838531494141
0.059198856353759766 4918.840911865234
0.05919599533081055 4918.845947265625
0.059610843658447266 4918.853271484375
0.059194087982177734 4918.860931396484
0.05888795852661133 4918.867828369141
0.05938005447387695 4918.874694824219
0.05958986282348633 4918.881011962891
0.05893516540527344 4918.88671875
0.05888628959655762 4918.891265869141
0.1733720302581787 4918.893951416016
0.05977177619934082 4918.894714355469
0.059255123138427734 4918.893585205078
0.059220075607299805 4918.890472412109
0.05944108963012695 4918.885650634766
0.05940890312194824 4918.879364013672
0.05920886993408203 4918.8719482421875
0.058753013610839844 4918.864013671875
0.05903792381286621 4918.8563232421875
0.05964994430541992 4918.849700927734
0.059432029724121094 4918.844512939453
0.05900883674621582 4918.840393066406
0.05961799621582031 4918.838409423828
0.05884289741516113 4918.8388671875
0.059152841567993164 4918.841857910156
0.05914616584777832 4918.847503662109
0.059095144271850586 4918.855285644531
0.05865907669067383 4918.8626708984375
0.05879616737365723 4918.869659423828
0.05871105194091797 4918.876434326172
0.06089425086975098 4918.882659912109
0.059145212173461914 4918.88818359375
0.058757781982421875 4918.8922119140625
0.059328556060791016 4918.894561767578
0.05884385108947754 4918.894836425781
0.058836936950683594 4918.893127441406
0.061038970947265625 4918.889495849609
0.05889105796813965 4918.884307861328
0.06862497329711914 4918.877624511719
0.0838782787322998 4918.869934082031
0.06051778793334961 4918.861877441406
0.05952119827270508 4918.854309082031
0.05896401405334473 4918.848083496094
0.059303998947143555 4918.843109130859
0.05869793891906738 4918.839508056641
0.060028791427612305 4918.838226318359
0.08852291107177734 4918.83935546875
0.059105873107910156 4918.8431396484375
0.05931210517883301 4918.849548339844
0.05881810188293457 4918.857482910156
0.059187889099121094 4918.864532470703
0.05959200859069824 4918.871490478516
0.0590510368347168 4918.878143310547
0.05931591987609863 4918.884216308594
0.05880308151245117 4918.889434814453
0.05891919136047363 4918.893035888672
0.05913090705871582 4918.894836425781
0.05957388877868652 4918.894470214844
0.059031009674072266 4918.8922119140625
0.059290170669555664 4918.88818359375
0.05938601493835449 4918.882537841797
0.05928397178649902 4918.875579833984
0.059500694274902344 4918.86767578125
0.05921220779418945 4918.8597412109375
0.05941605567932129 4918.852478027344
0.05930614471435547 4918.846710205078
0.05962705612182617 4918.842010498047
0.05915713310241699 4918.8389892578125
0.05920600891113281 4918.838317871094
0.05929398536682129 4918.840179443359
0.0594940185546875 4918.844757080078
0.05920886993408203 4918.851715087891
0.05959296226501465 4918.859588623047
0.059059858322143555 4918.866516113281
0.059033870697021484 4918.8734130859375
0.05969810485839844 4918.879852294922
0.05973100662231445 4918.885681152344
0.05887627601623535 4918.890563964844
0.059075117111206055 4918.8936767578125
0.059689998626708984 4918.894775390625
0.06402015686035156 4918.893890380859
0.05960822105407715 4918.891204833984
0.05914711952209473 4918.886657714844
0.05930900573730469 4918.880645751953
0.05904698371887207 4918.8734130859375
0.0591280460357666 4918.865447998047
0.05902266502380371 4918.857635498047
0.08846592903137207 4918.850799560547
0.060389041900634766 4918.845458984375
0.05923008918762207 4918.841064453125
0.059397220611572266 4918.838623046875
0.060170888900756836 4918.838592529297
0.05890321731567383 4918.841217041016
0.05930304527282715 4918.846435546875
0.05894923210144043 4918.8538818359375
0.05905485153198242 4918.8614501953125
0.07534599304199219 4918.868408203125
0.05917620658874512 4918.875213623047
0.05916094779968262 4918.881530761719
0.05891299247741699 4918.887145996094
0.05925607681274414 4918.891571044922
0.05938887596130371 4918.894195556641
0.05918002128601074 4918.894775390625
0.05896806716918945 4918.8934326171875
0.05942416191101074 4918.890197753906
0.05900907516479492 4918.885314941406
0.05908203125 4918.878814697266
0.05903005599975586 4918.871368408203
0.05932021141052246 4918.863372802734
0.05900001525878906 4918.855743408203
0.05922222137451172 4918.849151611328
0.05934000015258789 4918.844024658203
0.05960488319396973 4918.840057373047
0.06639504432678223 4918.838287353516
0.05941891670227051 4918.838958740234
0.05888676643371582 4918.842224121094
0.05938410758972168 4918.848052978516
0.05897665023803711 4918.855895996094
0.05901598930358887 4918.863189697266
0.05886983871459961 4918.870178222656
0.05903935432434082 4918.8768310546875
0.059007883071899414 4918.883026123047
0.05905485153198242 4918.888458251953
0.05904722213745117 4918.892425537109
0.058898210525512695 4918.894561767578
0.05921792984008789 4918.894714355469
0.05959606170654297 4918.892883300781
0.05906224250793457 4918.88916015625
0.05982685089111328 4918.883880615234
0.059323787689208984 4918.877014160156
0.05916905403137207 4918.869293212891
0.05931806564331055 4918.861328125
0.15279793739318848 4918.853851318359
0.09018421173095703 4918.847747802734
0.059024810791015625 4918.842712402344
0.0592350959777832 4918.839385986328
0.059146881103515625 4918.838195800781
0.07076597213745117 4918.839599609375
0.05939674377441406 4918.843536376953
0.05881977081298828 4918.850006103516
0.05866503715515137 4918.858001708984
0.05901694297790527 4918.865142822266
0.05881905555725098 4918.872039794922
0.059120893478393555 4918.878662109375
0.059266090393066406 4918.884613037109
0.05901789665222168 4918.889739990234
0.05903291702270508 4918.893218994141
0.08660101890563965 4918.894805908203
0.05928301811218262 4918.894378662109
0.059487104415893555 4918.8919677734375
0.05920004844665527 4918.887756347656
0.05918598175048828 4918.882049560547
0.058956146240234375 4918.874938964844
0.059230804443359375 4918.8670654296875
0.05859088897705078 4918.859130859375
0.05886220932006836 4918.852020263672
0.061953067779541016 4918.846435546875
0.06680893898010254 4918.841766357422
0.05905723571777344 4918.838897705078
0.059561967849731445 4918.838409423828
0.06009316444396973 4918.8404541015625
0.05903506278991699 4918.845123291016
0.05942988395690918 4918.852233886719
0.07340598106384277 4918.8599853515625
0.058999061584472656 4918.866943359375
0.05918073654174805 4918.873809814453
0.05910515785217285 4918.8802490234375
0.05916309356689453 4918.886016845703
0.05902385711669922 4918.890716552734
0.0590667724609375 4918.893707275391
0.05879998207092285 4918.894744873047
0.058904170989990234 4918.893737792969
0.05878400802612305 4918.890930175781
0.058888912200927734 4918.886291503906
0.05913114547729492 4918.880279541016
0.05864715576171875 4918.8729248046875
0.058982133865356445 4918.865020751953
0.05895805358886719 4918.857238769531
0.08876609802246094 4918.8504638671875
0.059678077697753906 4918.84521484375
0.05918622016906738 4918.840881347656
0.05957293510437012 4918.838562011719
0.05906200408935547 4918.838684082031
0.05919170379638672 4918.841369628906
0.05897927284240723 4918.846771240234
0.05880904197692871 4918.854400634766
0.05925393104553223 4918.861846923828
0.05894184112548828 4918.868743896484
0.058959007263183594 4918.875579833984
0.05955910682678223 4918.881866455078
0.05909895896911621 4918.887481689453
0.05933189392089844 4918.891815185547
0.059092044830322266 4918.894348144531
0.058812856674194336 4918.894866943359
0.05923318862915039 4918.893402099609
0.05904197692871094 4918.8900146484375
0.059250831604003906 4918.885040283203
0.05887603759765625 4918.878509521484
0.05874991416931152 4918.870910644531
0.05894970893859863 4918.862945556641
0.058814048767089844 4918.855255126953
0.05916905403137207 4918.848785400391
0.05981087684631348 4918.843688964844
0.05973696708679199 4918.839874267578
0.058854103088378906 4918.838195800781
0.05861401557922363 4918.838958740234
0.05936098098754883 4918.842437744141
0.05910778045654297 4918.8485107421875
0.05901074409484863 4918.856353759766
0.058999061584472656 4918.863525390625
0.05967426300048828 4918.870513916016
0.059472084045410156 4918.877166748047
0.05923819541931152 4918.883361816406
0.059436798095703125 4918.888702392578
0.05960392951965332 4918.892639160156
0.059358835220336914 4918.894622802734
0.05930685997009277 4918.8946533203125
0.05861926078796387 4918.8927001953125
0.05884575843811035 4918.888824462891
0.08843088150024414 4918.883453369141
0.059165239334106445 4918.876617431641
0.05908203125 4918.868896484375
0.06031632423400879 4918.860992431641
0.0589907169342041 4918.853546142578
0.059365272521972656 4918.847473144531
0.05951213836669922 4918.842620849609
0.059359073638916016 4918.83935546875
0.05890321731567383 4918.838317871094
0.05916595458984375 4918.8397216796875
0.058912038803100586 4918.8438720703125
0.07386279106140137 4918.850494384766
0.059262752532958984 4918.858428955078
0.059198856353759766 4918.865478515625
0.058831214904785156 4918.872467041016
0.05950307846069336 4918.878967285156
0.05939602851867676 4918.8848876953125
0.05890679359436035 4918.889984130859
0.05948281288146973 4918.893371582031
0.05959606170654297 4918.894805908203
0.05895590782165527 4918.894256591797
0.05964517593383789 4918.891784667969
0.05910301208496094 4918.887481689453
0.05916404724121094 4918.881652832031
0.05888724327087402 4918.874572753906
0.05909609794616699 4918.86669921875
0.0592498779296875 4918.858795166016
0.05885481834411621 4918.851715087891
0.05913114547729492 4918.846282958984
0.05959773063659668 4918.841583251953
0.0596773624420166 4918.838836669922
0.05904984474182129 4918.838439941406
0.05924510955810547 4918.840667724609
0.05974388122558594 4918.845489501953
0.05897927284240723 4918.852691650391
0.05913400650024414 4918.8603515625
0.0836479663848877 4918.867370605469
0.05883502960205078 4918.874176025391
0.05914497375488281 4918.880523681641
0.0594179630279541 4918.886291503906
0.05949115753173828 4918.890869140625
0.05965685844421387 4918.893798828125
0.05953836441040039 4918.894714355469
0.05923318862915039 4918.893646240234
0.05880308151245117 4918.890716552734
0.05912327766418457 4918.885986328125
0.09484076499938965 4918.879943847656
0.059114933013916016 4918.87255859375
0.05889582633972168 4918.8646240234375
0.059317827224731445 4918.856872558594
0.08974790573120117 4918.850158691406
0.05956125259399414 4918.844909667969
0.05898904800415039 4918.840759277344
0.05885624885559082 4918.838409423828
0.05949687957763672 4918.838775634766
0.05891299247741699 4918.841613769531
0.0592951774597168 4918.847076416016
0.05911517143249512 4918.854705810547
0.05924701690673828 4918.862060546875
0.05938267707824707 4918.869110107422
0.058946847915649414 4918.875885009766
0.0587620735168457 4918.882080078125
0.05935502052307129 4918.8876953125
0.0591588020324707 4918.892059326172
0.059964895248413086 4918.894439697266
0.059442996978759766 4918.894958496094
0.05936384201049805 4918.893371582031
0.060074806213378906 4918.889801025391
0.05945897102355957 4918.884765625
0.059242963790893555 4918.878143310547
0.05951380729675293 4918.87060546875
0.0590977668762207 4918.862548828125
0.05967998504638672 4918.854949951172
0.05909466743469238 4918.8485107421875
0.0588839054107666 4918.843475341797
0.05933737754821777 4918.8397216796875
0.05894279479980469 4918.838165283203
0.059578895568847656 4918.839141845703
0.0598452091217041 4918.842712402344
0.0597689151763916 4918.848785400391
0.05898094177246094 4918.856719970703
0.05899691581726074 4918.8638916015625
0.059259891510009766 4918.870788574219
0.05931591987609863 4918.877471923828
0.05889296531677246 4918.883575439453
0.05947518348693848 4918.888854980469
0.05869793891906738 4918.892730712891
0.059528350830078125 4918.894683837891
0.05893898010253906 4918.894622802734
0.05927395820617676 4918.892517089844
0.05900073051452637 4918.888641357422
0.05881500244140625 4918.8831787109375
0.08838605880737305 4918.876403808594
0.05884504318237305 4918.8685302734375
0.0597381591796875 4918.860565185547
0.05936002731323242 4918.853210449219
0.059513092041015625 4918.8472900390625
0.0591130256652832 4918.842437744141
0.059455156326293945 4918.839202880859
0.059452056884765625 4918.838287353516
0.05905604362487793 4918.839874267578
0.05898690223693848 4918.8441162109375
0.05919218063354492 4918.850860595703
0.0588681697845459 4918.8587646484375
0.05924201011657715 4918.865783691406
0.08699178695678711 4918.872772216797
0.05930185317993164 4918.879180908203
0.05901002883911133 4918.8851318359375
0.05951714515686035 4918.89013671875
0.05922985076904297 4918.893524169922
0.05906200408935547 4918.894836425781
0.05922198295593262 4918.894195556641
0.05909299850463867 4918.891632080078
0.059565067291259766 4918.88720703125
0.05903220176696777 4918.881378173828
0.05874800682067871 4918.874176025391
0.05924201011657715 4918.866302490234
0.05931282043457031 4918.858428955078
0.05898427963256836 4918.851409912109
0.05908989906311035 4918.845977783203
0.05916881561279297 4918.8414306640625
0.05922985076904297 4918.838775634766
0.05948805809020996 4918.8385009765625
0.058960914611816406 4918.840789794922
0.05885601043701172 4918.845733642578
0.05892825126647949 4918.853057861328
0.05888795852661133 4918.8607177734375
0.05940508842468262 4918.867706298828
0.05914115905761719 4918.87451171875
0.05981278419494629 4918.880828857422
0.05936789512634277 4918.886474609375
0.05912494659423828 4918.891052246094
0.05962014198303223 4918.893951416016
0.08875584602355957 4918.894744873047
0.05937910079956055 4918.8935546875
0.05925321578979492 4918.890625
0.059088945388793945 4918.8858642578125
0.05903291702270508 4918.879608154297
0.06104326248168945 4918.872222900391
0.059064626693725586 4918.8642578125
0.058982133865356445 4918.856475830078
0.058830976486206055 4918.849884033203
0.05904197692871094 4918.844665527344
0.05926704406738281 4918.840515136719
0.07035493850708008 4918.838439941406
0.05904507637023926 4918.8387451171875
0.05922293663024902 4918.8416748046875
0.06006312370300293 4918.8472900390625
0.059092044830322266 4918.85498046875
0.05916309356689453 4918.8623046875
0.059246063232421875 4918.869384765625
0.06387925148010254 4918.8760986328125
0.059114933013916016 4918.88232421875
0.0673210620880127 4918.887939453125
0.05877876281738281 4918.892150878906
0.05910897254943848 4918.894622802734
0.05901217460632324 4918.894958496094
0.058801889419555664 4918.893341064453
0.059606075286865234 4918.889831542969
0.05883383750915527 4918.884613037109
0.05936408042907715 4918.877960205078
0.059599876403808594 4918.870269775391
0.05909085273742676 4918.862213134766
0.0588381290435791 4918.854583740234
0.05875420570373535 4918.848327636719
0.05912184715270996 4918.84326171875
0.05911111831665039 4918.839599609375
0.059005022048950195 4918.838134765625
0.058969974517822266 4918.839141845703
0.05949711799621582 4918.842803955078
0.05954480171203613 4918.849029541016
0.05872488021850586 4918.856994628906
0.05898308753967285 4918.864166259766
0.05896186828613281 4918.87109375
0.0588679313659668 4918.877746582031
0.059580087661743164 4918.883850097656
0.05917716026306152 4918.889129638672
0.059514760971069336 4918.892913818359
0.05884099006652832 4918.894744873047
0.08917593955993652 4918.894561767578
0.05892205238342285 4918.8924560546875
0.058667898178100586 4918.888519287109
0.06013917922973633 4918.8829345703125
0.05974316596984863 4918.876037597656
0.059446096420288086 4918.868225097656
0.06006908416748047 4918.860168457031
0.05899691581726074 4918.8529052734375
0.059552669525146484 4918.847076416016
0.05982089042663574 4918.842193603516
0.059346914291381836 4918.839080810547
0.058728933334350586 4918.838195800781
0.05973625183105469 4918.839935302734
0.05918574333190918 4918.844329833984
0.060073137283325195 4918.851135253906
0.05928397178649902 4918.859069824219
0.05919694900512695 4918.866119384766
0.05879998207092285 4918.872985839844
0.059819936752319336 4918.879486083984
0.05973505973815918 4918.8853759765625
0.05896806716918945 4918.8902587890625
0.05916285514831543 4918.893615722656
0.05888199806213379 4918.894775390625
0.05902695655822754 4918.894134521484
0.05895423889160156 4918.8914794921875
0.05969095230102539 4918.887115478516
0.059237003326416016 4918.881072998047
0.05875396728515625 4918.8739013671875
0.05959892272949219 4918.866027832031
0.05898308753967285 4918.858215332031
0.05908489227294922 4918.851165771484
0.059108734130859375 4918.8458251953125
0.06868124008178711 4918.84130859375
0.059105873107910156 4918.838714599609
0.08543181419372559 4918.838562011719
0.05907893180847168 4918.8409423828125
0.05922412872314453 4918.846008300781
