0.09248995780944824 4938.587814331055
0.08120894432067871 5063.778854370117
0.08033394813537598 5191.148864746094
0.10800504684448242 5319.701461791992
0.08078622817993164 5449.571319580078
0.08196187019348145 5581.744323730469
0.10881185531616211 5716.139099121094
0.08019804954528809 5851.919708251953
0.0813591480255127 5989.029327392578
0.08014297485351562 6125.384796142578
0.10740399360656738 6260.98486328125
0.08017683029174805 6396.879699707031
0.0804741382598877 6531.060546875
0.08047795295715332 6661.827667236328
0.10776805877685547 6788.446105957031
0.07971000671386719 6912.682830810547
0.08095002174377441 7036.67578125
0.10670709609985352 7160.203796386719
0.07898211479187012 7282.154083251953
0.08399510383605957 7397.371734619141
0.07941007614135742 7476.503234863281
0.10760712623596191 7524.412567138672
0.08062100410461426 7560.049591064453
0.0801541805267334 7581.324645996094
0.0808861255645752 7603.233337402344
0.108551025390625 7622.110137939453
0.08690094947814941 7634.398162841797
0.08128190040588379 7647.677642822266
0.1089468002319336 7660.082855224609
0.08151102066040039 7664.459381103516
0.09697675704956055 7669.238464355469
0.0794680118560791 7674.057342529297
0.10757207870483398 7677.233306884766
0.08119392395019531 7678.544128417969
0.07947587966918945 7678.793609619141
0.08026599884033203 7678.254058837891
0.10734796524047852 7677.515808105469
0.08034420013427734 7677.0384521484375
0.08080816268920898 7676.923065185547
0.10630106925964355 7677.064605712891
0.07968688011169434 7677.363555908203
0.08195781707763672 7677.753509521484
0.08037495613098145 7678.190948486328
0.10634326934814453 7678.650543212891
0.0800180435180664 7679.167663574219
0.07926297187805176 7679.822509765625
0.08094429969787598 7680.557159423828
0.157487154006958 7681.2840576171875
0.08058381080627441 7681.947113037109
0.08013916015625 7682.415954589844
0.10799002647399902 7682.623474121094
0.0798640251159668 7682.665679931641
0.08108210563659668 7682.541931152344
0.0809779167175293 7682.298889160156
0.12047791481018066 7681.995910644531
0.0811929702758789 7681.748718261719
0.07971930503845215 7681.660552978516
0.08053922653198242 7681.727020263672
0.10674023628234863 7681.892761230469
0.08338403701782227 7682.117279052734
0.08038687705993652 7682.376525878906
0.10686373710632324 7682.644439697266
0.08107805252075195 7682.887359619141
0.0812840461730957 7683.073303222656
0.10047173500061035 7683.17578125
0.10802412033081055 7683.193450927734
0.08179998397827148 7683.158660888672
0.08069109916687012 7683.118103027344
0.08137774467468262 7683.094635009766
0.11184382438659668 7683.0919189453125
0.0801689624786377 7683.106231689453
0.0804758071899414 7683.146087646484
0.10760998725891113 7683.228271484375
0.0800468921661377 7683.357025146484
0.08076214790344238 7683.5216064453125
0.08089399337768555 7683.697113037109
0.10751223564147949 7683.847869873047
0.08065080642700195 7683.966094970703
0.08149409294128418 7684.057159423828
0.08898186683654785 7684.123779296875
0.11034488677978516 7684.172760009766
0.2725529670715332 7684.213531494141
0.08030891418457031 7684.254058837891
0.10749125480651855 7684.3072509765625
0.08098196983337402 7684.382507324219
0.08084988594055176 7684.480041503906
0.0799870491027832 7684.591888427734
0.10778594017028809 7684.709014892578
0.08160829544067383 7684.823822021484
0.08044195175170898 7684.906585693359
0.1093599796295166 7684.941955566406
0.08068370819091797 7684.968048095703
0.08332419395446777 7684.982879638672
0.08136606216430664 7684.983184814453
0.10725665092468262 7684.982116699219
0.08002471923828125 7684.983825683594
0.08115768432617188 7684.9896240234375
0.0929868221282959 7684.998260498047
0.10775017738342285 7685.008483886719
0.08072590827941895 7685.017913818359
0.08034205436706543 7685.024719238281
0.10707306861877441 7685.028228759766
0.08133697509765625 7685.027648925781
0.07990574836730957 7685.0224609375
0.10667800903320312 7685.015655517578
0.10626506805419922 7685.010650634766
0.07987713813781738 7685.010284423828
0.07964682579040527 7685.016082763672
0.08211708068847656 7685.027862548828
0.10719895362854004 7685.043792724609
0.08017110824584961 7685.06201171875
0.08044600486755371 7685.079895019531
0.10696601867675781 7685.096374511719
0.08076739311218262 7685.097473144531
0.07931327819824219 7685.095550537109
0.07848405838012695 7685.108123779297
0.10834789276123047 7685.133026123047
0.0794520378112793 7685.16064453125
0.07900595664978027 7685.182403564453
0.08071708679199219 7685.195709228516
0.10611891746520996 7685.202789306641
0.07846784591674805 7685.208099365234
0.07922577857971191 7685.212341308594
0.10875892639160156 7685.21728515625
0.08474087715148926 7685.225738525391
0.08515214920043945 7685.237701416016
0.08503913879394531 7685.250396728516
0.11515092849731445 7685.261413574219
0.08399271965026855 7685.266082763672
0.084503173828125 7685.261413574219
0.10172176361083984 7685.241363525391
0.11382603645324707 7685.216979980469
0.08443784713745117 7685.2032470703125
0.08477997779846191 7685.206451416016
0.11383795738220215 7685.209014892578
0.08462691307067871 7685.197326660156
0.08446311950683594 7685.172393798828
0.11044979095458984 7685.143585205078
0.11291909217834473 7685.123016357422
0.08458280563354492 7685.118682861328
0.08423209190368652 7685.135162353516
0.08449101448059082 7685.167236328125
0.11586785316467285 7685.209197998047
0.08400702476501465 7685.260955810547
0.08469390869140625 7685.321105957031
0.11338400840759277 7685.382751464844
0.08459997177124023 7685.439971923828
0.08400988578796387 7685.4691162109375
0.08417797088623047 7685.4532470703125
0.11382675170898438 7685.4151611328125
0.09271812438964844 7685.3763427734375
0.09598326683044434 7685.336242675781
0.08516311645507812 7685.3331298828125
0.11390805244445801 7685.376159667969
0.0844569206237793 7685.438781738281
0.08471298217773438 7685.487640380859
0.11322903633117676 7685.484710693359
0.08462786674499512 7685.437316894531
0.0849618911743164 7685.372344970703
0.08443689346313477 7685.302917480469
0.11318588256835938 7685.248718261719
0.09657788276672363 7685.223937988281
0.08478903770446777 7685.222106933594
0.08522891998291016 7685.227386474609
0.11467099189758301 7685.2178955078125
0.08416175842285156 7685.181427001953
0.08408188819885254 7685.128021240234
0.11382603645324707 7685.077575683594
0.08440804481506348 7685.040985107422
0.0848546028137207 7685.019195556641
0.08419084548950195 7685.0054931640625
0.1145169734954834 7685.004913330078
0.08474874496459961 7685.030792236328
0.08689212799072266 7685.085113525391
0.08460402488708496 7685.1593017578125
0.11587715148925781 7685.241851806641
0.0843510627746582 7685.322662353516
0.08511829376220703 7685.382263183594
0.1136476993560791 7685.437286376953
0.08478283882141113 7685.494720458984
0.08462190628051758 7685.5286865234375
0.08461689949035645 7685.516326904297
0.11363697052001953 7685.491119384766
0.08461594581604004 7685.486389160156
0.08428406715393066 7685.497375488281
0.11355400085449219 7685.505950927734
0.08385586738586426 7685.513519287109
0.08387207984924316 7685.528259277344
0.08472585678100586 7685.491546630859
0.11353087425231934 7685.4852294921875
0.08492708206176758 7685.504943847656
0.08494091033935547 7685.485382080078
0.08467602729797363 7685.474853515625
0.11428022384643555 7685.480407714844
0.08516597747802734 7685.4217529296875
0.08452820777893066 7685.326263427734
0.11316514015197754 7685.253112792969
0.08417701721191406 7685.215118408203
0.08466291427612305 7685.210052490234
0.08453226089477539 7685.224426269531
0.11500787734985352 7685.238952636719
0.08493614196777344 7685.262451171875
0.08430171012878418 7685.2950439453125
0.08439326286315918 7685.3284912109375
0.11364388465881348 7685.345306396484
0.08399701118469238 7685.337005615234
0.08423924446105957 7685.3138427734375
0.11355185508728027 7685.289611816406
0.08478808403015137 7685.274017333984
0.08453106880187988 7685.246185302734
0.08437299728393555 7685.215301513672
0.11360597610473633 7685.20751953125
0.08473873138427734 7685.220886230469
0.08457708358764648 7685.246612548828
0.08535194396972656 7685.275360107422
0.11301898956298828 7685.294647216797
0.08485221862792969 7685.295593261719
0.0840308666229248 7685.282501220703
0.11365032196044922 7685.258697509766
0.08527374267578125 7685.215118408203
0.08467817306518555 7685.179931640625
0.08475899696350098 7685.178039550781
0.1136939525604248 7685.207458496094
0.08429098129272461 7685.250152587891
0.09012293815612793 7685.283355712891
0.08488011360168457 7685.302886962891
0.11408376693725586 7685.314025878906
0.08477497100830078 7685.322692871094
0.08405280113220215 7685.323303222656
0.11334919929504395 7685.304962158203
0.08478999137878418 7685.292175292969
0.08437991142272949 7685.296234130859
0.08442497253417969 7685.316711425781
0.11272072792053223 7685.352142333984
0.08423614501953125 7685.395202636719
0.0844271183013916 7685.43798828125
0.08556079864501953 7685.472839355469
0.11527180671691895 7685.482818603516
0.08443689346313477 7685.481903076172
0.11189413070678711 7685.486145019531
0.11484718322753906 7685.489074707031
0.08435916900634766 7685.478942871094
0.08451366424560547 7685.449035644531
0.08341598510742188 7685.403076171875
0.11381387710571289 7685.362518310547
0.08434677124023438 7685.321807861328
0.0852510929107666 7685.292236328125
0.0916287899017334 7685.272705078125
0.11351180076599121 7685.251068115234
0.08439922332763672 7685.221954345703
0.08464884757995605 7685.172515869141
0.11421895027160645 7685.104034423828
0.08446192741394043 7685.042572021484
0.0851130485534668 7684.998046875
0.08470487594604492 7684.953460693359
0.11253809928894043 7684.928527832031
0.09597015380859375 7684.968719482422
0.0849297046661377 7685.0550537109375
0.0849308967590332 7685.156524658203
0.11529397964477539 7685.253723144531
0.08449697494506836 7685.340423583984
0.0841531753540039 7685.415832519531
0.11346101760864258 7685.442565917969
0.08493208885192871 7685.4652099609375
0.08510899543762207 7685.4866943359375
0.08461618423461914 7685.485595703125
0.11414504051208496 7685.496337890625
0.08492708206176758 7685.509460449219
0.08496904373168945 7685.5177001953125
0.0848991870880127 7685.518310546875
0.1162259578704834 7685.514892578125
0.08472108840942383 7685.513488769531
0.08517813682556152 7685.516021728516
0.11353707313537598 7685.5228271484375
0.08473014831542969 7685.487091064453
0.08460187911987305 7685.422119140625
0.08391785621643066 7685.372314453125
0.1132049560546875 7685.314849853516
0.08407306671142578 7685.259216308594
0.08422112464904785 7685.221405029297
0.11390399932861328 7685.20458984375
0.08470296859741211 7685.208068847656
0.08442473411560059 7685.215515136719
0.08408093452453613 7685.2281494140625
0.11361002922058105 7685.251861572266
0.08468008041381836 7685.280181884766
0.08459210395812988 7685.306182861328
0.09435296058654785 7685.324920654297
0.11384701728820801 7685.333068847656
0.08422398567199707 7685.3282470703125
0.08433294296264648 7685.311096191406
0.11322307586669922 7685.288024902344
