0.0828700065612793 3970.5166625976562
0.07082533836364746 4067.8025817871094
0.07053494453430176 4167.61328125
0.07439589500427246 4268.096405029297
0.10161805152893066 4370.324905395508
0.0704960823059082 4474.151611328125
0.07059097290039062 4579.0865478515625
0.0708611011505127 4684.914215087891
0.07137036323547363 4789.954681396484
0.10061526298522949 4894.652435302734
0.07078194618225098 4999.430480957031
0.07032489776611328 5104.521728515625
0.07130312919616699 5208.547760009766
0.07006216049194336 5309.757507324219
0.10000109672546387 5407.441436767578
0.07089781761169434 5503.464111328125
0.07004284858703613 5600.2275390625
0.07053899765014648 5698.854339599609
0.07054305076599121 5798.114685058594
0.09932303428649902 5891.734832763672
0.07078027725219727 5952.763031005859
0.07015419006347656 5983.135040283203
0.07015800476074219 6001.671691894531
0.09947371482849121 6019.801086425781
0.07094883918762207 6032.255767822266
0.07030081748962402 6040.4443359375
0.07154703140258789 6048.510040283203
0.07026100158691406 6055.845001220703
0.09917783737182617 6059.8826904296875
0.07085800170898438 6059.7838134765625
0.07061910629272461 6060.3260498046875
0.07116913795471191 6062.069122314453
0.07074213027954102 6064.025482177734
0.09946393966674805 6065.373321533203
0.07077312469482422 6065.670745849609
0.07022380828857422 6065.039886474609
0.07075381278991699 6064.180908203125
0.07010293006896973 6063.854766845703
0.12641692161560059 6064.310760498047
0.07004594802856445 6065.276947021484
0.07033228874206543 6066.2774658203125
0.06999993324279785 6066.731201171875
0.0703129768371582 6066.327392578125
0.09910297393798828 6065.581390380859
0.07071781158447266 6065.263244628906
0.07038593292236328 6065.742706298828
0.07003021240234375 6066.662170410156
0.07002115249633789 6067.356719970703
0.10035085678100586 6067.386779785156
0.09595990180969238 6066.857849121094
0.07061409950256348 6066.332244873047
0.06937980651855469 6066.330413818359
0.07027721405029297 6066.825164794922
0.09929800033569336 6067.390899658203
0.07024478912353516 6067.5887451171875
0.07035207748413086 6067.291564941406
0.07028794288635254 6066.806213378906
0.07021689414978027 6066.59326171875
0.09939980506896973 6066.847198486328
0.07186484336853027 6067.344451904297
0.06997489929199219 6067.679870605469
0.07336282730102539 6067.668670654297
0.09909296035766602 6067.486999511719
0.07051277160644531 6067.454193115234
0.07051396369934082 6067.708892822266
0.07079911231994629 6068.081695556641
0.06969594955444336 6068.281677246094
0.09953808784484863 6068.190612792969
0.07767343521118164 6067.969696044922
0.14748215675354004 6067.886016845703
0.07032608985900879 6068.046569824219
0.07035613059997559 6068.313049316406
0.10076093673706055 6068.461212158203
0.07056999206542969 6068.412750244141
0.07103705406188965 6068.299652099609
0.07064104080200195 6068.313659667969
0.07027792930603027 6068.506927490234
0.09913492202758789 6068.732666015625
0.07041716575622559 6068.8365478515625
0.07073092460632324 6068.787902832031
0.06989002227783203 6068.6927490234375
0.07030391693115234 6068.672607421875
0.09959626197814941 6068.739013671875
0.07038116455078125 6068.802185058594
0.08510112762451172 6068.782531738281
0.07108783721923828 6068.696228027344
0.07045459747314453 6068.626739501953
0.09995508193969727 6068.634735107422
0.07062101364135742 6068.7001953125
0.07044720649719238 6068.751983642578
0.07025718688964844 6068.749694824219
0.07010817527770996 6068.720642089844
0.09941697120666504 6068.718200683594
0.07016706466674805 6068.7589111328125
0.07041096687316895 6068.809600830078
0.07023835182189941 6068.829284667969
0.371384859085083 6068.813537597656
0.10020709037780762 6068.790954589844
0.07030296325683594 6068.787872314453
0.07045698165893555 6068.800506591797
0.07096600532531738 6068.8077392578125
0.0702509880065918 6068.798767089844
0.10234785079956055 6068.784240722656
0.07049679756164551 6068.780212402344
0.07054901123046875 6068.790802001953
0.07061982154846191 6068.804962158203
0.07072782516479492 6068.812255859375
0.10619187355041504 6068.81201171875
0.06994009017944336 6068.81201171875
0.07059502601623535 6068.817108154297
0.07103085517883301 6068.823577880859
0.10023283958435059 6068.825775146484
0.07037997245788574 6068.821807861328
0.07032585144042969 6068.816589355469
0.07161378860473633 6068.814239501953
0.07271075248718262 6068.815155029297
0.09983992576599121 6068.817047119141
0.07060599327087402 6068.818878173828
0.07136368751525879 6068.821838378906
0.07105302810668945 6068.827606201172
0.07093191146850586 6068.8358154296875
0.09983181953430176 6068.844696044922
0.07062888145446777 6068.8524169921875
0.07018017768859863 6068.859039306641
0.07073783874511719 6068.864929199219
0.07042193412780762 6068.870025634766
0.09981799125671387 6068.873931884766
0.15944385528564453 6068.876556396484
0.07115697860717773 6068.8779296875
0.07101202011108398 6068.878997802734
0.1815788745880127 6068.880126953125
0.1015920639038086 6068.881164550781
0.07113218307495117 6068.881988525391
0.0713958740234375 6068.882568359375
0.07108283042907715 6068.882751464844
0.07033491134643555 6068.882568359375
0.1001291275024414 6068.881286621094
0.07098889350891113 6068.878967285156
0.07060909271240234 6068.875518798828
0.07051897048950195 6068.871276855469
0.0707550048828125 6068.8668212890625
0.10017800331115723 6068.863006591797
0.07071423530578613 6068.859771728516
0.07072806358337402 6068.8580322265625
0.07110786437988281 6068.856964111328
0.07059788703918457 6068.855560302734
0.10025525093078613 6068.8536376953125
0.07084012031555176 6068.850646972656
0.07130694389343262 6068.84619140625
0.07094907760620117 6068.839599609375
0.09922504425048828 6068.828887939453
0.07125711441040039 6068.815460205078
0.12750005722045898 6068.78369140625
0.07085895538330078 6068.768737792969
0.0708322525024414 6068.791900634766
0.10058331489562988 6068.82177734375
0.0711207389831543 6068.82470703125
0.07166004180908203 6068.812713623047
0.07056307792663574 6068.82177734375
0.07094407081604004 6068.8563232421875
0.09932708740234375 6068.8790283203125
0.07224607467651367 6068.8837890625
0.07884097099304199 6068.863555908203
0.07060933113098145 6068.832763671875
0.07198524475097656 6068.827392578125
0.09974813461303711 6068.837829589844
0.07307171821594238 6068.838348388672
0.07052898406982422 6068.825012207031
0.07205915451049805 6068.809753417969
0.07047510147094727 6068.7947998046875
0.09985208511352539 6068.782012939453
0.07032489776611328 6068.791412353516
0.07123017311096191 6068.814971923828
0.07044291496276855 6068.828826904297
0.07114696502685547 6068.8250732421875
0.09964299201965332 6068.810760498047
0.08271908760070801 6068.803955078125
0.0673820972442627 6068.814422607422
0.06792020797729492 6068.834777832031
0.07320404052734375 6068.855438232422
0.09501504898071289 6068.873992919922
0.0660710334777832 6068.8924560546875
0.06739306449890137 6068.906158447266
0.06709599494934082 6068.928283691406
0.06734204292297363 6068.956817626953
0.0950460433959961 6068.978912353516
0.06795597076416016 6068.9896240234375
0.06678414344787598 6068.992980957031
0.06677818298339844 6068.993804931641
0.09441375732421875 6068.992401123047
0.06770610809326172 6068.981231689453
0.06710314750671387 6068.951416015625
0.06660580635070801 6068.923034667969
0.06686210632324219 6068.906036376953
0.0938267707824707 6068.893524169922
0.06672310829162598 6068.882965087891
0.06686711311340332 6068.852752685547
0.0679020881652832 6068.819671630859
0.06777000427246094 6068.810333251953
0.09404206275939941 6068.813659667969
0.06738686561584473 6068.824798583984
0.06729888916015625 6068.846252441406
0.06773900985717773 6068.869384765625
0.06686186790466309 6068.881134033203
0.09426569938659668 6068.878234863281
0.06662511825561523 6068.8699951171875
0.06760883331298828 6068.860321044922
0.06662797927856445 6068.849365234375
0.06690406799316406 6068.840423583984
0.0956568717956543 6068.814483642578
0.06722092628479004 6068.786926269531
0.06821393966674805 6068.802978515625
0.06667590141296387 6068.848083496094
0.07010316848754883 6068.881164550781
0.09433484077453613 6068.893127441406
0.07236814498901367 6068.890808105469
0.0669398307800293 6068.891448974609
0.06737184524536133 6068.906158447266
0.06842970848083496 6068.920166015625
0.09690475463867188 6068.921630859375
0.06656503677368164 6068.912750244141
0.06671428680419922 6068.902587890625
0.0686028003692627 6068.8919677734375
0.06739473342895508 6068.878479003906
0.09501910209655762 6068.861541748047
0.06728076934814453 6068.858642578125
0.16904306411743164 6068.867370605469
0.06791901588439941 6068.870361328125
0.0949559211730957 6068.863433837891
0.06693696975708008 6068.854675292969
0.06719732284545898 6068.830871582031
0.06744503974914551 6068.795379638672
0.0679481029510498 6068.773345947266
0.09483623504638672 6068.761688232422
0.0672152042388916 6068.743103027344
0.06770205497741699 6068.735931396484
0.06684994697570801 6068.740051269531
0.06692028045654297 6068.741271972656
0.09408211708068848 6068.743621826172
0.06770896911621094 6068.753112792969
0.0668179988861084 6068.768341064453
0.08182382583618164 6068.786926269531
0.06700921058654785 6068.806915283203
0.09447693824768066 6068.824066162109
0.06718611717224121 6068.834686279297
0.06731986999511719 6068.830352783203
0.06717586517333984 6068.841064453125
0.0679159164428711 6068.857238769531
0.09464812278747559 6068.866516113281
0.06713294982910156 6068.873321533203
0.06686711311340332 6068.882995605469
0.06813597679138184 6068.899688720703
0.06705307960510254 6068.9228515625
0.09398508071899414 6068.948089599609
0.09722423553466797 6068.970611572266
0.0679929256439209 6068.981353759766
0.06673693656921387 6068.966369628906
0.06704211235046387 6068.946441650391
0.09470009803771973 6068.927703857422
0.06690096855163574 6068.905059814453
0.06824398040771484 6068.882659912109
0.0670928955078125 6068.866729736328
0.06912398338317871 6068.860198974609
0.09429502487182617 6068.858856201172
0.06934118270874023 6068.866271972656
0.06743597984313965 6068.8800048828125
0.06686592102050781 6068.894592285156
0.06787896156311035 6068.907806396484
0.09614300727844238 6068.918395996094
0.06713509559631348 6068.905181884766
0.0664670467376709 6068.8887939453125
0.06678009033203125 6068.899108886719
0.06760883331298828 6068.922149658203
0.09670400619506836 6068.933502197266
0.06674599647521973 6068.9349365234375
0.08107185363769531 6068.933441162109
0.06890392303466797 6068.923797607422
0.09501981735229492 6068.915313720703
0.06721615791320801 6068.906829833984
0.06779599189758301 6068.894958496094
0.06770110130310059 6068.8834228515625
0.06734204292297363 6068.873870849609
0.09426593780517578 6068.866729736328
0.06641697883605957 6068.855010986328
0.06744503974914551 6068.8436279296875
0.06696510314941406 6068.835266113281
0.06898713111877441 6068.826110839844
0.09433507919311523 6068.81494140625
0.06722187995910645 6068.805725097656
0.06683802604675293 6068.787689208984
0.06683897972106934 6068.7744140625
0.06655216217041016 6068.772399902344
0.09401488304138184 6068.773010253906
0.0670328140258789 6068.770324707031
0.0663759708404541 6068.758239746094
0.06650805473327637 6068.768768310547
0.06744384765625 6068.792572021484
0.09424495697021484 6068.805938720703
0.06640195846557617 6068.8096923828125
0.06687378883361816 6068.814544677734
0.06697869300842285 6068.827423095703
0.06876087188720703 6068.844146728516
0.09405779838562012 6068.854675292969
0.06665682792663574 6068.860534667969
0.06710696220397949 6068.827301025391
0.07729697227478027 6068.804107666016
0.06669998168945312 6068.830139160156
0.09445309638977051 6068.864013671875
0.06685018539428711 6068.879547119141
0.06795167922973633 6068.8809814453125
0.06761789321899414 6068.880584716797
0.06784582138061523 6068.883819580078
0.09488821029663086 6068.889343261719
0.06722521781921387 6068.895324707031
0.06706690788269043 6068.901611328125
0.0668327808380127 6068.908477783203
0.0941009521484375 6068.916748046875
0.06798291206359863 6068.926574707031
0.0966031551361084 6068.93798828125
0.06702589988708496 6068.948211669922
0.0681312084197998 6068.956848144531
0.09420371055603027 6068.964782714844
0.06611299514770508 6068.968780517578
0.06670594215393066 6068.9625244140625
0.07491207122802734 6068.921661376953
0.06806612014770508 6068.861114501953
0.09395289421081543 6068.8179931640625
0.06736207008361816 6068.819427490234
0.06687092781066895 6068.8194580078125
0.06815218925476074 6068.796325683594
0.06670498847961426 6068.78466796875
0.09447288513183594 6068.794952392578
0.06646990776062012 6068.821228027344
0.06799101829528809 6068.854187011719
0.06661391258239746 6068.872711181641
0.06639504432678223 6068.873931884766
0.09372806549072266 6068.867523193359
0.06667685508728027 6068.861419677734
0.06708383560180664 6068.868194580078
0.06694984436035156 6068.880706787109
0.06659507751464844 6068.894592285156
0.09381675720214844 6068.909484863281
0.06869077682495117 6068.9091796875
0.06653094291687012 6068.8922119140625
0.06673479080200195 6068.882110595703
0.06688785552978516 6068.874481201172
0.09521102905273438 6068.860687255859
0.06643915176391602 6068.844512939453
0.06661128997802734 6068.829528808594
0.06649088859558105 6068.819732666016
0.0674889087677002 6068.812072753906
0.09458684921264648 6068.805358886719
0.06655168533325195 6068.800689697266
0.06671810150146484 6068.797698974609
0.06732296943664551 6068.789794921875
0.09390997886657715 6068.784698486328
0.06920814514160156 6068.784515380859
0.06679487228393555 6068.787445068359
0.06770706176757812 6068.792297363281
0.06621384620666504 6068.7825927734375
0.09455394744873047 6068.802307128906
0.06895303726196289 6068.835052490234
0.06778120994567871 6068.860992431641
0.0672907829284668 6068.880096435547
0.06677079200744629 6068.887359619141
0.09449887275695801 6068.895355224609
0.06761312484741211 6068.902008056641
0.06715583801269531 6068.903137207031
0.06651115417480469 6068.88427734375
0.06680679321289062 6068.845550537109
0.09474015235900879 6068.861358642578
0.06692790985107422 6068.892669677734
0.06673669815063477 6068.901580810547
0.07678389549255371 6068.892181396484
0.06752586364746094 6068.8785400390625
0.09699106216430664 6068.869720458984
0.06725025177001953 6068.866668701172
0.06688189506530762 6068.8690185546875
0.06722593307495117 6068.8760986328125
0.0684051513671875 6068.884918212891
0.09497404098510742 6068.887451171875
0.06784915924072266 6068.906433105469
0.06692981719970703 6068.931884765625
0.0681757926940918 6068.955474853516
0.06696915626525879 6068.972106933594
0.09437394142150879 6068.9788818359375
0.06669187545776367 6068.980438232422
0.06705069541931152 6068.978759765625
0.06673884391784668 6068.952362060547
0.06698417663574219 6068.882019042969
0.09541606903076172 6068.812103271484
0.06724691390991211 6068.785308837891
0.06631922721862793 6068.764953613281
0.06660890579223633 6068.748992919922
0.09404206275939941 6068.7662353515625
0.06749320030212402 6068.7952880859375
0.06653189659118652 6068.8184814453125
0.0668952465057373 6068.83203125
0.06692099571228027 6068.839538574219
0.09509086608886719 6068.836608886719
0.06606626510620117 6068.836761474609
0.0671088695526123 6068.842864990234
0.06657004356384277 6068.851806640625
0.0679330825805664 6068.8603515625
0.09398579597473145 6068.855804443359
0.21215319633483887 6068.811370849609
0.06754517555236816 6068.8170166015625
0.06718993186950684 6068.842010498047
0.06728506088256836 6068.860565185547
0.09435892105102539 6068.870941162109
0.0709218978881836 6068.878356933594
0.06674909591674805 6068.8870849609375
0.06829500198364258 6068.896881103516
0.06688904762268066 6068.898834228516
0.0939798355102539 6068.891815185547
0.06665706634521484 6068.8819580078125
0.06827116012573242 6068.873077392578
0.06691312789916992 6068.867218017578
0.09396100044250488 6068.861175537109
0.09537577629089355 6068.859619140625
0.0681769847869873 6068.863830566406
0.06643462181091309 6068.869689941406
0.07541084289550781 6068.875183105469
0.06703495979309082 6068.878936767578
0.0961458683013916 6068.8515625
0.06635093688964844 6068.825012207031
0.06697893142700195 6068.8033447265625
0.06643128395080566 6068.7843017578125
0.06826305389404297 6068.769073486328
0.09454822540283203 6068.759429931641
0.06661295890808105 6068.757415771484
0.06676387786865234 6068.764221191406
0.0678400993347168 6068.779235839844
0.06683492660522461 6068.800628662109
0.09724998474121094 6068.7955322265625
0.06735110282897949 6068.809417724609
0.06850910186767578 6068.845611572266
