0.07538485527038574 3459.791259765625
0.06272506713867188 3542.8553771972656
0.0627450942993164 3628.825149536133
0.06235909461975098 3715.965072631836
0.06250405311584473 3804.808624267578
0.06304001808166504 3894.6265869140625
0.06283116340637207 3985.2516479492188
0.06234598159790039 4075.3628540039062
0.06231093406677246 4165.086639404297
0.06207418441772461 4254.791687011719
0.06290388107299805 4344.715545654297
0.0626368522644043 4435.0921630859375
0.06244611740112305 4525.462463378906
0.06202292442321777 4615.121063232422
0.06196308135986328 4702.992919921875
0.06176900863647461 4788.859680175781
0.06250810623168945 4874.269104003906
0.06262707710266113 4960.657653808594
0.06216120719909668 5047.961883544922
0.06276607513427734 5131.1982421875
0.062297821044921875 5180.299102783203
0.09457802772521973 5201.7841796875
0.06244301795959473 5216.336029052734
0.0626077651977539 5225.7733154296875
0.06361699104309082 5229.1473388671875
0.06235194206237793 5232.968597412109
0.06228780746459961 5237.399932861328
0.06253981590270996 5241.817169189453
0.06273508071899414 5244.200378417969
0.06258034706115723 5243.819274902344
0.0624849796295166 5244.142395019531
0.062365055084228516 5245.034912109375
0.06275200843811035 5246.382476806641
0.06251859664916992 5248.0198974609375
0.06291699409484863 5249.560394287109
0.06232094764709473 5250.532958984375
0.06265115737915039 5250.628448486328
0.06269693374633789 5249.9532470703125
0.06293106079101562 5249.039459228516
0.06284284591674805 5248.4349365234375
0.06295418739318848 5248.304016113281
0.06263399124145508 5248.588165283203
0.06258797645568848 5249.193756103516
0.06259608268737793 5249.937957763672
0.09398293495178223 5250.566650390625
0.06260514259338379 5250.785797119141
0.06225395202636719 5250.467315673828
0.061998844146728516 5249.8897705078125
0.0629730224609375 5249.510223388672
0.08060956001281738 5249.534118652344
0.06392717361450195 5249.910461425781
0.0624232292175293 5250.4539794921875
0.06256604194641113 5250.9119873046875
0.06272220611572266 5251.077178955078
0.06230521202087402 5250.9193115234375
0.06253576278686523 5250.625244140625
0.06250715255737305 5250.455902099609
0.0625147819519043 5250.572204589844
0.06260013580322266 5250.9124755859375
0.06257390975952148 5251.300537109375
0.0623779296875 5251.559356689453
0.06226205825805664 5251.592346191406
0.06237983703613281 5251.438049316406
0.5775988101959229 5251.205261230469
0.06341385841369629 5250.992431640625
0.06300592422485352 5250.901153564453
0.06246232986450195 5250.9915771484375
0.10512828826904297 5251.240783691406
0.06266498565673828 5251.563079833984
0.1107172966003418 5251.850860595703
0.15695571899414062 5252.010101318359
0.06288290023803711 5252.000183105469
0.06232881546020508 5251.883941650391
0.06238412857055664 5251.728851318359
0.06236386299133301 5251.634185791016
0.062114715576171875 5251.644195556641
0.11402320861816406 5251.7452392578125
0.06254005432128906 5251.8642578125
0.06282496452331543 5251.922668457031
0.06247901916503906 5251.886627197266
0.06259799003601074 5251.792266845703
0.06269192695617676 5251.7225341796875
0.06272101402282715 5251.740997314453
0.0626370906829834 5251.832794189453
0.06235218048095703 5251.94140625
0.06269192695617676 5252.018249511719
0.062052249908447266 5252.043487548828
0.06236600875854492 5252.031463623047
0.0624089241027832 5252.017486572266
0.06227254867553711 5252.029510498047
0.0942080020904541 5252.074981689453
0.06235098838806152 5252.134002685547
0.06261801719665527 5252.177337646484
0.06206059455871582 5252.185821533203
0.06229996681213379 5252.160888671875
0.062376976013183594 5252.115570068359
0.06280207633972168 5251.9859619140625
0.06246781349182129 5251.806823730469
0.062429189682006836 5251.690093994141
0.06235003471374512 5251.691955566406
0.06768512725830078 5251.799346923828
0.06230497360229492 5251.953033447266
0.062467098236083984 5252.082122802734
0.06237077713012695 5252.13916015625
0.06231689453125 5252.116546630859
0.06226491928100586 5252.04296875
0.06253504753112793 5251.965179443359
0.16603994369506836 5251.922546386719
0.06288504600524902 5251.928863525391
0.06243276596069336 5251.96826171875
0.06224489212036133 5252.007385253906
0.06237483024597168 5252.018218994141
0.06238985061645508 5251.997161865234
0.061843156814575195 5251.96240234375
0.09215712547302246 5251.937194824219
0.06267905235290527 5251.933288574219
0.061927080154418945 5251.945953369141
0.06244015693664551 5251.96044921875
0.06252193450927734 5251.964508056641
0.06265807151794434 5251.954650878906
0.06274700164794922 5251.937438964844
0.0629723072052002 5251.922302246094
0.06269192695617676 5251.915069580078
0.06321120262145996 5251.915466308594
0.06270003318786621 5251.918243408203
0.062255144119262695 5251.918884277344
0.06294798851013184 5251.915710449219
0.06263971328735352 5251.9107666015625
0.06254386901855469 5251.9072265625
0.06240582466125488 5251.907012939453
0.06224489212036133 5251.909484863281
0.062429189682006836 5251.913024902344
0.06238198280334473 5251.915313720703
0.062455177307128906 5251.915863037109
0.06262803077697754 5251.915496826172
0.06287407875061035 5251.915679931641
0.06277871131896973 5251.918212890625
0.0920870304107666 5251.923034667969
0.25663113594055176 5251.930145263672
0.06221795082092285 5251.938903808594
0.06275677680969238 5251.9490966796875
0.06271839141845703 5251.958709716797
0.06244182586669922 5251.968200683594
0.06239795684814453 5251.977752685547
0.06239795684814453 5251.987243652344
0.06257200241088867 5251.996398925781
0.0624699592590332 5252.0050048828125
0.06250691413879395 5252.012145996094
0.06273698806762695 5252.017364501953
0.06235218048095703 5252.0206298828125
0.06258392333984375 5252.022003173828
0.06273913383483887 5252.021301269531
0.06308484077453613 5252.018768310547
0.06226205825805664 5252.014495849609
0.06422924995422363 5252.009216308594
0.062165021896362305 5252.003875732422
0.06300210952758789 5251.999359130859
0.06282997131347656 5251.996185302734
0.0625162124633789 5251.994140625
0.06293725967407227 5251.993133544922
0.09606409072875977 5251.992828369141
0.06212496757507324 5251.992736816406
0.06345534324645996 5251.992462158203
0.06305193901062012 5251.991638183594
0.0632479190826416 5251.9892578125
0.06279325485229492 5251.984344482422
0.08429193496704102 5251.976898193359
0.06295299530029297 5251.967254638672
0.06318783760070801 5251.955322265625
0.06261301040649414 5251.941680908203
0.062474966049194336 5251.927307128906
0.06226372718811035 5251.913299560547
0.06251382827758789 5251.900482177734
0.06221604347229004 5251.8895263671875
0.06275606155395508 5251.881072998047
0.062210798263549805 5251.875
0.06302881240844727 5251.871612548828
0.08974099159240723 5251.871063232422
0.06302738189697266 5251.873992919922
0.06215500831604004 5251.8809814453125
0.06279206275939941 5251.892517089844
0.06265997886657715 5251.908966064453
0.21372222900390625 5251.929595947266
0.09215903282165527 5251.9525146484375
0.06286096572875977 5251.974609375
0.06244492530822754 5251.992889404297
0.06299400329589844 5252.005920410156
0.06316518783569336 5252.013763427734
0.06285786628723145 5252.018157958984
0.06263208389282227 5252.021667480469
0.06282186508178711 5252.026306152344
0.06266903877258301 5252.032012939453
0.06314802169799805 5252.037628173828
0.062422990798950195 5252.042907714844
0.06250405311584473 5252.047149658203
0.06252694129943848 5252.050109863281
0.06288003921508789 5252.051849365234
0.06240701675415039 5252.052001953125
0.0629422664642334 5252.050384521484
0.06268191337585449 5252.046630859375
0.06290197372436523 5252.040374755859
0.06271886825561523 5252.031311035156
0.06246018409729004 5252.019592285156
0.06238079071044922 5251.980072021484
0.06268095970153809 5251.938781738281
0.06250596046447754 5251.921630859375
0.0916450023651123 5251.9244384765625
0.0628049373626709 5251.936676025391
0.06246614456176758 5251.9471435546875
0.06226515769958496 5251.9498291015625
0.062010765075683594 5251.939605712891
0.06254005432128906 5251.920867919922
0.06255626678466797 5251.904022216797
0.0625150203704834 5251.895294189453
0.06232905387878418 5251.893646240234
0.06224322319030762 5251.89453125
0.062384843826293945 5251.894683837891
0.06239795684814453 5251.893707275391
0.0625 5251.893218994141
0.06230783462524414 5251.894714355469
0.06283092498779297 5251.8988037109375
0.06232190132141113 5251.9049072265625
0.062204837799072266 5251.912689208984
0.062332868576049805 5251.921325683594
0.062071800231933594 5251.930938720703
0.07949304580688477 5251.941497802734
0.06253409385681152 5251.95263671875
0.06243729591369629 5251.963897705078
0.06256985664367676 5251.974609375
0.062391042709350586 5251.984344482422
0.09181904792785645 5251.992950439453
0.06292605400085449 5252.000213623047
0.06288790702819824 5252.0067138671875
0.06653189659118652 5252.012634277344
0.06309723854064941 5252.018402099609
0.06263494491577148 5252.024169921875
0.062335968017578125 5252.029296875
0.06226515769958496 5252.033203125
0.06271982192993164 5252.036224365234
0.06252384185791016 5252.0380859375
0.06353092193603516 5252.038818359375
0.06288599967956543 5252.037994384766
0.06254100799560547 5252.035461425781
0.062335968017578125 5252.030792236328
0.06299710273742676 5252.0235595703125
0.06269502639770508 5252.011932373047
0.08973479270935059 5251.982666015625
0.06265401840209961 5251.958892822266
0.06278800964355469 5251.953918457031
0.06272101402282715 5251.9593505859375
0.06228303909301758 5251.957946777344
0.06228995323181152 5251.941192626953
0.06249499320983887 5251.917663574219
0.09400010108947754 5251.897125244141
0.06262612342834473 5251.884033203125
0.0625147819519043 5251.876647949219
0.06301593780517578 5251.872161865234
0.062387943267822266 5251.868621826172
0.06292986869812012 5251.866363525391
0.06288814544677734 5251.866607666016
0.06252121925354004 5251.869140625
0.06222105026245117 5251.874816894531
0.06303691864013672 5251.8839111328125
0.06247401237487793 5251.8961181640625
0.06288814544677734 5251.9112548828125
0.06278610229492188 5251.928863525391
0.06247711181640625 5251.948028564453
0.06275582313537598 5251.967620849609
0.06315493583679199 5251.986389160156
0.06357312202453613 5252.003082275391
0.06308412551879883 5252.016693115234
0.06278085708618164 5252.026672363281
0.06354498863220215 5252.033477783203
0.06293106079101562 5252.037506103516
0.06264710426330566 5252.03955078125
0.06282281875610352 5252.040008544922
0.09185671806335449 5252.039611816406
0.06286907196044922 5252.038604736328
0.0626068115234375 5252.0372314453125
0.06266403198242188 5252.035614013672
0.06273674964904785 5252.033599853516
0.06455492973327637 5252.031219482422
0.06280398368835449 5252.0283203125
0.06242012977600098 5252.023956298828
0.07668828964233398 5252.01806640625
0.06343293190002441 5251.980712890625
0.06310892105102539 5251.937805175781
0.06260204315185547 5251.9237060546875
0.06257104873657227 5251.934722900391
0.062283992767333984 5251.956237792969
0.0625920295715332 5251.974426269531
0.11132121086120605 5251.982208251953
0.06302189826965332 5251.978485107422
0.06236910820007324 5251.961120605469
0.06254386901855469 5251.940002441406
0.06235504150390625 5251.924041748047
0.06313300132751465 5251.91357421875
0.06237006187438965 5251.905792236328
0.0620121955871582 5251.897918701172
0.09205794334411621 5251.889617919922
0.07377219200134277 5251.882049560547
0.06301021575927734 5251.876770019531
0.06276869773864746 5251.874481201172
0.06331396102905273 5251.875823974609
0.06329512596130371 5251.880615234375
0.06268000602722168 5251.888763427734
0.06273984909057617 5251.900238037109
0.06216692924499512 5251.913299560547
0.06286096572875977 5251.928497314453
0.06295394897460938 5251.945373535156
0.06237292289733887 5251.962799072266
0.06299209594726562 5251.980377197266
0.06262707710266113 5251.9971923828125
0.06260800361633301 5252.012145996094
0.06261515617370605 5252.025085449219
0.06285309791564941 5252.03564453125
0.06303215026855469 5252.0438232421875
0.06271719932556152 5252.049591064453
0.06309390068054199 5252.052947998047
0.06280803680419922 5252.053955078125
0.0627899169921875 5252.052520751953
0.0624542236328125 5252.049133300781
0.09249687194824219 5252.043731689453
0.06271529197692871 5252.036834716797
0.06279110908508301 5252.028503417969
0.06243777275085449 5252.01904296875
0.06267404556274414 5252.00830078125
0.06216597557067871 5251.9869384765625
0.06254315376281738 5251.944488525391
0.06301498413085938 5251.920928955078
0.062435150146484375 5251.922576904297
0.06357121467590332 5251.936370849609
0.06251907348632812 5251.952850341797
0.06287407875061035 5251.955627441406
0.06224799156188965 5251.94140625
0.062261104583740234 5251.9227294921875
0.06323933601379395 5251.909454345703
0.06251382827758789 5251.903137207031
0.06277823448181152 5251.900909423828
0.06253695487976074 5251.899230957031
0.06279706954956055 5251.896759033203
0.06278586387634277 5251.893493652344
0.06283092498779297 5251.890716552734
0.10594320297241211 5251.889373779297
0.0630650520324707 5251.889984130859
0.0627889633178711 5251.8931884765625
0.09247803688049316 5251.898681640625
0.06326580047607422 5251.907135009766
0.06290793418884277 5251.9183349609375
0.06259512901306152 5251.931671142578
0.06281304359436035 5251.946594238281
0.06247305870056152 5251.962371826172
0.06243109703063965 5251.978210449219
0.06364893913269043 5251.993316650391
0.08974909782409668 5252.006195068359
0.0623931884765625 5252.017791748047
0.06294512748718262 5252.027984619141
0.0630500316619873 5252.037292480469
0.06263089179992676 5252.0455322265625
0.06286740303039551 5252.052673339844
0.06353521347045898 5252.058349609375
0.06299185752868652 5252.061981201172
0.062744140625 5252.0635986328125
0.06276988983154297 5252.0626220703125
0.06324315071105957 5252.058837890625
0.0630950927734375 5252.052185058594
0.06293988227844238 5252.042510986328
0.06299066543579102 5252.026336669922
0.06307506561279297 5251.967224121094
0.09150266647338867 5251.9267578125
0.06258988380432129 5251.917266845703
0.06287097930908203 5251.925048828125
0.06297183036804199 5251.938751220703
0.062381744384765625 5251.947296142578
0.06276488304138184 5251.949127197266
0.062255144119262695 5251.940277099609
0.0626988410949707 5251.923675537109
0.06322598457336426 5251.908050537109
0.06269288063049316 5251.8984375
0.06353592872619629 5251.894256591797
0.06251811981201172 5251.893310546875
0.06261706352233887 5251.893310546875
0.06244683265686035 5251.893798828125
0.06257486343383789 5251.8951416015625
0.06337189674377441 5251.897796630859
0.06209897994995117 5251.90185546875
0.0633537769317627 5251.907501220703
0.06255292892456055 5251.914459228516
0.0626077651977539 5251.92236328125
0.06228375434875488 5251.93115234375
0.06262898445129395 5251.940521240234
0.06326508522033691 5251.950286865234
0.09331798553466797 5251.960052490234
0.06253981590270996 5251.969818115234
0.062470197677612305 5251.979339599609
0.06241488456726074 5251.98828125
0.0625009536743164 5251.996856689453
0.06285476684570312 5252.004852294922
0.06258106231689453 5252.012847900391
0.06326007843017578 5252.020568847656
0.06409287452697754 5252.028289794922
0.06297492980957031 5252.034393310547
0.0720059871673584 5252.039611816406
0.06264185905456543 5252.043762207031
0.0629880428314209 5252.046569824219
0.06208992004394531 5252.0479736328125
0.06250500679016113 5252.047424316406
0.0625300407409668 5252.044586181641
0.06263017654418945 5252.039031982422
0.06235694885253906 5252.028381347656
0.06821393966674805 5251.978332519531
0.0624690055847168 5251.946838378906
0.06271791458129883 5251.9403076171875
0.062474966049194336 5251.947998046875
0.0626528263092041 5251.958923339844
0.09622502326965332 5251.964538574219
0.06291890144348145 5251.950592041016
0.0627439022064209 5251.925079345703
0.06246685981750488 5251.9014892578125
0.06312179565429688 5251.885406494141
0.06280899047851562 5251.876617431641
0.06272506713867188 5251.872222900391
0.06286501884460449 5251.870178222656
0.06269311904907227 5251.869689941406
0.06277608871459961 5251.870697021484
0.06232285499572754 5251.8734130859375
0.06260514259338379 5251.879241943359
0.06264019012451172 5251.888122558594
0.06273412704467773 5251.899749755859
0.06258797645568848 5251.914123535156
0.06254076957702637 5251.930389404297
0.062072038650512695 5251.9478759765625
0.06288003921508789 5251.965606689453
0.06255102157592773 5251.982482910156
0.062371015548706055 5251.997711181641
0.0625450611114502 5252.010711669922
0.06209993362426758 5252.020843505859
0.06268811225891113 5252.028228759766
0.09179115295410156 5252.033172607422
0.06261706352233887 5252.036102294922
0.06260466575622559 5252.03759765625
0.0629737377166748 5252.0382080078125
0.0623319149017334 5252.038238525391
0.062497854232788086 5252.0377197265625
0.06262493133544922 5252.036834716797
0.06253385543823242 5252.035552978516
0.062473297119140625 5252.033874511719
0.06213665008544922 5252.031524658203
0.06237196922302246 5252.026794433594
0.06245708465576172 5252.020599365234
0.062402963638305664 5251.974456787109
0.06255602836608887 5251.936248779297
0.06253886222839355 5251.92529296875
0.06234407424926758 5251.934997558594
0.06248593330383301 5251.9527587890625
0.062489986419677734 5251.967498779297
0.0626680850982666 5251.974761962891
0.06270790100097656 5251.972473144531
0.06231188774108887 5251.955627441406
0.08861517906188965 5251.934997558594
0.06298422813415527 5251.918243408203
0.0747370719909668 5251.906219482422
0.09212923049926758 5251.897644042969
0.06253910064697266 5251.8902587890625
0.06303906440734863 5251.883605957031
0.06235003471374512 5251.8780517578125
0.0626220703125 5251.874664306641
0.0620877742767334 5251.874267578125
0.06235790252685547 5251.877380371094
0.06223607063293457 5251.883972167969
0.06254696846008301 5251.894317626953
0.0625619888305664 5251.906982421875
0.06266379356384277 5251.921356201172
0.06203198432922363 5251.937347412109
0.0625910758972168 5251.954406738281
0.06208395957946777 5251.971832275391
0.06205177307128906 5251.989074707031
0.062361717224121094 5252.005065917969
0.06306576728820801 5252.019317626953
0.062387943267822266 5252.031555175781
0.06264710426330566 5252.04150390625
0.06213879585266113 5252.0489501953125
0.06305599212646484 5252.054260253906
0.062213897705078125 5252.056884765625
0.0623469352722168 5252.057037353516
0.09177207946777344 5252.054870605469
0.06261920928955078 5252.050476074219
0.062088966369628906 5252.04443359375
0.06272482872009277 5252.036712646484
0.06260514259338379 5252.02734375
0.062151193618774414 5252.016998291016
0.0627129077911377 5252.000671386719
0.062489986419677734 5251.948425292969
0.06244182586669922 5251.9178466796875
0.0626378059387207 5251.913665771484
0.06258082389831543 5251.9251708984375
0.06310296058654785 5251.94189453125
0.06239724159240723 5251.955230712891
0.06299281120300293 5251.955291748047
0.06247973442077637 5251.940460205078
0.0635061264038086 5251.923187255859
0.06275010108947754 5251.91064453125
0.0630500316619873 5251.904357910156
0.0624849796295166 5251.90185546875
0.06281614303588867 5251.9002685546875
0.06222987174987793 5251.8983154296875
0.06233716011047363 5251.895782470703
0.062229156494140625 5251.8935546875
0.09221196174621582 5251.8924560546875
0.06264281272888184 5251.893280029297
0.0626223087310791 5251.896514892578
0.06277108192443848 5251.902038574219
0.0626988410949707 5251.910339355469
0.06289887428283691 5251.921051025391
0.0626530647277832 5251.933898925781
0.06196713447570801 5251.9482421875
0.062394142150878906 5251.963562011719
0.06234169006347656 5251.979431152344
0.06243395805358887 5251.994293212891
0.06255578994750977 5252.007568359375
0.11562800407409668 5252.019775390625
0.06243395805358887 5252.030700683594
0.06328392028808594 5252.040496826172
0.06298708915710449 5252.049133300781
0.06250596046447754 5252.056365966797
0.06274700164794922 5252.061798095703
0.06671929359436035 5252.065124511719
0.06279301643371582 5252.065826416016
0.08889985084533691 5252.0638427734375
0.06276869773864746 5252.058746337891
0.06246185302734375 5252.0504150390625
0.09225082397460938 5252.039031982422
0.06233716011047363 5251.993835449219
0.062474966049194336 5251.944671630859
0.062338829040527344 5251.920806884766
0.06293511390686035 5251.918395996094
0.06267809867858887 5251.928192138672
0.0628049373626709 5251.938903808594
0.06247901916503906 5251.945251464844
0.06236100196838379 5251.944793701172
0.06264901161193848 5251.930389404297
0.06252908706665039 5251.912048339844
0.0626072883605957 5251.897888183594
0.06268906593322754 5251.890350341797
0.06238603591918945 5251.888488769531
0.06273794174194336 5251.888763427734
0.06234288215637207 5251.8902587890625
0.06250905990600586 5251.892150878906
0.06237602233886719 5251.8948974609375
0.0629420280456543 5251.898834228516
0.0623478889465332 5251.904449462891
0.06243085861206055 5251.911529541016
0.062432050704956055 5251.920013427734
0.0628049373626709 5251.929351806641
0.09351396560668945 5251.939483642578
0.0630941390991211 5251.949798583984
0.0624849796295166 5251.9600830078125
0.06251096725463867 5251.970123291016
0.06206107139587402 5251.979827880859
0.06248331069946289 5251.989074707031
0.06251120567321777 5251.997741699219
0.06238198280334473 5252.005950927734
0.06261873245239258 5252.013732910156
0.0625457763671875 5252.021392822266
0.062222957611083984 5252.028991699219
0.06260085105895996 5252.0357666015625
0.06218910217285156 5252.041046142578
0.062425851821899414 5252.045227050781
0.06250333786010742 5252.048065185547
0.06228899955749512 5252.049377441406
0.06339263916015625 5252.0489501953125
0.062422990798950195 5252.046478271484
0.06245899200439453 5252.041351318359
0.06238198280334473 5252.0247802734375
0.062448978424072266 5251.977630615234
0.06304693222045898 5251.944274902344
0.06250405311584473 5251.936920166016
0.062455177307128906 5251.943084716797
0.09268593788146973 5251.955596923828
0.0760350227355957 5251.963317871094
0.06262612342834473 5251.961456298828
0.06227469444274902 5251.941711425781
0.06260204315185547 5251.915740966797
0.06258106231689453 5251.8941650390625
0.062445878982543945 5251.880584716797
0.06231808662414551 5251.873992919922
0.062072038650512695 5251.8717041015625
0.06341695785522461 5251.871276855469
0.06287288665771484 5251.872344970703
0.06328821182250977 5251.874084472656
0.06254100799560547 5251.877899169922
0.06251382827758789 5251.884552001953
0.0626380443572998 5251.894348144531
0.062406063079833984 5251.906829833984
0.0630028247833252 5251.921844482422
0.06274700164794922 5251.938323974609
0.06259584426879883 5251.95556640625
0.06281709671020508 5251.97265625
0.06273531913757324 5251.988861083984
0.06265401840209961 5252.003356933594
0.06268596649169922 5252.015472412109
0.09219098091125488 5252.025085449219
0.06290197372436523 5252.032135009766
0.06288695335388184 5252.03662109375
0.062383174896240234 5252.039459228516
0.06258273124694824 5252.040771484375
0.06260919570922852 5252.041229248047
0.06227302551269531 5252.040924072266
0.062268972396850586 5252.039978027344
0.06293487548828125 5252.038391113281
0.06309819221496582 5252.036071777344
0.06248879432678223 5252.033386230469
0.06276988983154297 5252.0291748046875
0.06214022636413574 5252.022766113281
0.06346511840820312 5251.993865966797
0.06251406669616699 5251.949188232422
0.06286787986755371 5251.92431640625
0.06233620643615723 5251.923492431641
0.06280708312988281 5251.937164306641
0.06293010711669922 5251.955291748047
0.062480926513671875 5251.969299316406
0.06258511543273926 5251.975280761719
0.0624692440032959 5251.963958740234
0.062394142150878906 5251.941223144531
0.0924370288848877 5251.920379638672
0.06251907348632812 5251.9052734375
0.06508398056030273 5251.896667480469
0.062391042709350586 5251.890930175781
0.06272077560424805 5251.886169433594
0.062403202056884766 5251.881011962891
0.06319308280944824 5251.876678466797
0.06273794174194336 5251.874450683594
0.06251788139343262 5251.875457763672
0.06342291831970215 5251.8804931640625
0.06337118148803711 5251.889465332031
0.06275105476379395 5251.901916503906
0.0881032943725586 5251.916564941406
0.06294393539428711 5251.932647705078
0.10357975959777832 5251.949645996094
0.06351375579833984 5251.967346191406
0.06495308876037598 5251.984954833984
0.06339001655578613 5252.001892089844
0.0631418228149414 5252.0174560546875
0.06266331672668457 5252.030914306641
0.06326580047607422 5252.042205810547
0.06276607513427734 5252.051208496094
0.0632636547088623 5252.0577392578125
0.09252214431762695 5252.061553955078
0.06302499771118164 5252.06298828125
0.0628669261932373 5252.0616455078125
0.06258106231689453 5252.057922363281
0.06284594535827637 5252.051849365234
0.06225085258483887 5252.043670654297
0.06276917457580566 5252.033782958984
0.06297111511230469 5252.022613525391
0.06273579597473145 5252.003814697266
0.0626220703125 5251.958557128906
0.06324505805969238 5251.916778564453
0.0628809928894043 5251.905334472656
0.06244516372680664 5251.911102294922
0.0627439022064209 5251.928497314453
0.06286215782165527 5251.945770263672
0.06225991249084473 5251.957977294922
0.06316423416137695 5251.952880859375
0.06290102005004883 5251.933013916016
0.06278491020202637 5251.913665771484
0.06301307678222656 5251.9010009765625
0.06284117698669434 5251.897003173828
0.06293797492980957 5251.8980712890625
0.06340289115905762 5251.9000244140625
0.09248018264770508 5251.900207519531
0.062499046325683594 5251.8985595703125
0.06296682357788086 5251.896148681641
0.0628809928894043 5251.89501953125
0.0624089241027832 5251.896179199219
0.06281876564025879 5251.900299072266
0.06298613548278809 5251.9072265625
0.06258082389831543 5251.916687011719
0.06273484230041504 5251.928161621094
0.06251978874206543 5251.9412841796875
0.06259703636169434 5251.95556640625
0.06282591819763184 5251.970703125
0.06255698204040527 5251.9862060546875
0.06257510185241699 5252.000732421875
0.06278514862060547 5252.013763427734
0.07523179054260254 5252.0257568359375
0.06252694129943848 5252.036346435547
0.0628671646118164 5252.045745849609
0.06234908103942871 5252.053985595703
0.06241297721862793 5252.060546875
0.062435150146484375 5252.065216064453
0.06249713897705078 5252.067352294922
0.062376976013183594 5252.066925048828
0.06284499168395996 5252.063537597656
0.09686970710754395 5252.0570068359375
0.06267809867858887 5252.046966552734
0.062490224838256836 5252.02685546875
0.08985090255737305 5251.981628417969
0.06260108947753906 5251.933929443359
0.06493687629699707 5251.912322998047
0.06258511543273926 5251.909423828125
0.06239604949951172 5251.920593261719
0.06296181678771973 5251.934875488281
0.06248116493225098 5251.9459228515625
0.0628206729888916 5251.944305419922
0.06267809867858887 5251.926544189453
0.062207937240600586 5251.90380859375
0.06274604797363281 5251.8853759765625
0.06240415573120117 5251.876983642578
0.06248188018798828 5251.877899169922
0.0621180534362793 5251.883728027344
0.0627450942993164 5251.889953613281
0.06266379356384277 5251.894470214844
0.06243896484375 5251.897247314453
0.06257104873657227 5251.900085449219
0.06320476531982422 5251.904968261719
0.06289005279541016 5251.912414550781
0.09272384643554688 5251.922668457031
0.06262016296386719 5251.934387207031
0.06292891502380371 5251.94677734375
0.0628669261932373 5251.95849609375
0.062400102615356445 5251.969573974609
0.062284231185913086 5251.979766845703
0.06280398368835449 5251.989318847656
0.06291580200195312 5251.9984130859375
0.06246829032897949 5252.0068359375
0.06261873245239258 5252.014862060547
0.06292200088500977 5252.022277832031
0.1635141372680664 5252.029479980469
0.06302785873413086 5252.036437988281
0.06263494491577148 5252.042266845703
0.06301498413085938 5252.0467529296875
0.06304073333740234 5252.049652099609
0.06250309944152832 5252.05126953125
0.07020401954650879 5252.051116943359
0.06293511390686035 5252.049133300781
0.06224489212036133 5252.044921875
0.06266498565673828 5252.038177490234
0.06257414817810059 5252.0111083984375
0.06235790252685547 5251.965484619141
0.0923919677734375 5251.93505859375
0.06295609474182129 5251.923492431641
0.06251120567321777 5251.9288330078125
0.06306695938110352 5251.943206787109
0.10911703109741211 5251.957702636719
0.06274700164794922 5251.962371826172
0.06293296813964844 5251.948913574219
0.06322503089904785 5251.9207763671875
0.06266283988952637 5251.8900146484375
0.06254410743713379 5251.867370605469
0.06294989585876465 5251.85791015625
0.0628201961517334 5251.859954833984
0.06266117095947266 5251.868225097656
0.06273794174194336 5251.877258300781
0.06296491622924805 5251.882507324219
0.0628502368927002 5251.884857177734
0.0935831069946289 5251.887268066406
0.06253981590270996 5251.892791748047
0.0655679702758789 5251.903594970703
0.0627431869506836 5251.9195556640625
0.06254792213439941 5251.939056396484
0.06258773803710938 5251.959533691406
0.06242990493774414 5251.978912353516
0.09796619415283203 5251.995635986328
0.0627140998840332 5252.009460449219
0.06323695182800293 5252.0203857421875
0.062355995178222656 5252.029022216797
0.4572422504425049 5252.035736083984
0.0632319450378418 5252.040832519531
0.06280183792114258 5252.044250488281
0.06284093856811523 5252.046295166016
0.06321930885314941 5252.046936035156
0.06236100196838379 5252.046142578125
0.06284904479980469 5252.04443359375
0.06466913223266602 5252.0419921875
0.0626370906829834 5252.038818359375
0.06316184997558594 5252.0352783203125
0.0625300407409668 5252.030303955078
0.06241202354431152 5252.023193359375
0.06235218048095703 5252.004455566406
0.09120893478393555 5251.967315673828
0.06270599365234375 5251.932067871094
0.0626688003540039 5251.912414550781
0.06294608116149902 5251.910858154297
0.06230902671813965 5251.924346923828
0.06261801719665527 5251.945404052734
0.10496211051940918 5251.966125488281
0.06272101402282715 5251.9757080078125
0.06221914291381836 5251.964630126953
0.06301522254943848 5251.937103271484
0.06248307228088379 5251.9039306640625
0.06244206428527832 5251.8765869140625
0.06249880790710449 5251.862060546875
0.06231236457824707 5251.861358642578
0.0620570182800293 5251.869689941406
0.0625920295715332 5251.880584716797
0.06237196922302246 5251.888092041016
0.0625770092010498 5251.889923095703
0.06272315979003906 5251.888153076172
0.06221723556518555 5251.886657714844
0.06235694885253906 5251.890686035156
0.06270098686218262 5251.901672363281
0.06226778030395508 5251.920349121094
0.06246614456176758 5251.9447021484375
0.06226611137390137 5251.970764160156
0.06284523010253906 5251.994873046875
0.06313490867614746 5252.014556884766
0.06235194206237793 5252.028778076172
0.06242823600769043 5252.038482666016
0.06527519226074219 5252.0455322265625
0.09447693824768066 5252.051696777344
0.0633840560913086 5252.057952880859
0.06275582313537598 5252.063934326172
0.06255125999450684 5252.0687255859375
0.06258678436279297 5252.0709228515625
0.1654529571533203 5252.069000244141
0.06288599967956543 5252.062805175781
0.06301331520080566 5252.0528564453125
0.06232810020446777 5252.040100097656
0.06271600723266602 5252.026153564453
0.06568193435668945 5252.011810302734
0.06295204162597656 5251.989807128906
0.09784293174743652 5251.95361328125
0.06410908699035645 5251.919921875
0.0626060962677002 5251.897247314453
0.06340670585632324 5251.889068603516
0.06267714500427246 5251.895690917969
0.06220269203186035 5251.913391113281
0.06266975402832031 5251.935882568359
0.061987876892089844 5251.953643798828
0.0625460147857666 5251.956970214844
0.06254410743713379 5251.944000244141
0.062014102935791016 5251.918975830078
0.09248208999633789 5251.890777587891
0.0630638599395752 5251.868194580078
0.06267905235290527 5251.857971191406
0.06232285499572754 5251.861297607422
0.08382010459899902 5251.875457763672
0.06564807891845703 5251.89404296875
0.06247901916503906 5251.910919189453
0.06263995170593262 5251.920928955078
0.062433719635009766 5251.9228515625
0.06240415573120117 5251.918670654297
0.06261730194091797 5251.913330078125
0.06269502639770508 5251.912017822266
0.06270003318786621 5251.919281005859
0.06275796890258789 5251.9365234375
0.06240987777709961 5251.962585449219
0.06228899955749512 5251.9927978515625
0.06264305114746094 5252.021911621094
0.06224513053894043 5252.045501708984
0.061980247497558594 5252.0609130859375
0.06237006187438965 5252.0673828125
0.06246304512023926 5252.0675048828125
0.06259298324584961 5252.0638427734375
0.06220197677612305 5252.06005859375
0.062371015548706055 5252.058624267578
0.09196591377258301 5252.060821533203
0.06239891052246094 5252.065185546875
0.0620722770690918 5252.069732666016
0.06276607513427734 5252.07080078125
0.06279516220092773 5252.065948486328
0.06200599670410156 5252.05322265625
0.06265664100646973 5252.028106689453
0.06182503700256348 5251.988128662109
0.0624539852142334 5251.943359375
0.062272071838378906 5251.902893066406
0.06569600105285645 5251.873474121094
0.06346511840820312 5251.859558105469
0.0628049373626709 5251.861999511719
0.06271600723266602 5251.878234863281
0.06206202507019043 5251.902587890625
0.06306815147399902 5251.925201416016
0.0625309944152832 5251.938690185547
0.08195900917053223 5251.938537597656
0.06739091873168945 5251.924896240234
0.06369876861572266 5251.901702880859
0.06303691864013672 5251.875640869141
0.06175398826599121 5251.853759765625
0.06195783615112305 5251.842041015625
0.09139800071716309 5251.843658447266
0.06253814697265625 5251.858581542969
0.06203794479370117 5251.883605957031
0.06257176399230957 5251.913513183594
0.062361717224121094 5251.942321777344
0.062394142150878906 5251.965118408203
0.062248945236206055 5251.978729248047
0.06232786178588867 5251.982849121094
0.06434416770935059 5251.979919433594
0.0637969970703125 5251.9737548828125
0.06270003318786621 5251.9686279296875
0.06258201599121094 5251.96875
0.06247711181640625 5251.976776123047
0.06259822845458984 5251.9930419921875
0.06261301040649414 5252.016326904297
0.06264710426330566 5252.042694091797
0.06278824806213379 5252.068054199219
0.06266283988952637 5252.088623046875
0.06255292892456055 5252.101623535156
0.0623018741607666 5252.105621337891
0.06273603439331055 5252.100860595703
0.06233716011047363 5252.088928222656
0.06256103515625 5252.072082519531
0.06236004829406738 5252.053405761719
0.09345102310180664 5252.035186767578
0.06240987777709961 5252.019470214844
0.06260490417480469 5252.004852294922
0.06251692771911621 5251.987640380859
0.062486886978149414 5251.967498779297
0.06266498565673828 5251.9461669921875
0.06270575523376465 5251.9256591796875
0.06266617774963379 5251.907501220703
0.11909985542297363 5251.893341064453
0.06270599365234375 5251.883972167969
0.06282281875610352 5251.878936767578
0.06269168853759766 5251.877044677734
0.06231999397277832 5251.876556396484
0.06255102157592773 5251.876678466797
0.06271815299987793 5251.876434326172
0.06284904479980469 5251.874420166016
0.06273102760314941 5251.87158203125
0.06326031684875488 5251.868927001953
0.11523723602294922 5251.8675537109375
0.0624997615814209 5251.868225097656
0.0628209114074707 5251.872009277344
0.06275010108947754 5251.878997802734
0.06359004974365234 5251.888977050781
0.09679102897644043 5251.901611328125
0.09044003486633301 5251.916290283203
0.06314969062805176 5251.932373046875
0.06273198127746582 5251.948944091797
0.06249809265136719 5251.965270996094
0.062075138092041016 5251.980865478516
0.08000874519348145 5251.995574951172
0.06383109092712402 5252.008728027344
0.06269097328186035 5252.020782470703
0.06226682662963867 5252.031341552734
0.062432050704956055 5252.040740966797
0.06260514259338379 5252.049041748047
0.06253385543823242 5252.056427001953
0.06226086616516113 5252.063262939453
0.06246495246887207 5252.0694580078125
0.0625619888305664 5252.074493408203
0.06238508224487305 5252.077911376953
0.06225705146789551 5252.079833984375
0.0623478889465332 5252.080322265625
0.06238818168640137 5252.079071044922
0.06224679946899414 5252.075775146484
0.06174325942993164 5252.069793701172
0.06259298324584961 5252.0606689453125
0.0626068115234375 5252.047607421875
0.09228515625 5252.029571533203
0.0628962516784668 5252.006591796875
0.06332969665527344 5251.979156494141
0.06292200088500977 5251.949066162109
0.06277012825012207 5251.918395996094
0.06231808662414551 5251.890380859375
0.06247711181640625 5251.867401123047
0.0628049373626709 5251.850769042969
0.06228208541870117 5251.841552734375
0.07055783271789551 5251.839050292969
0.06328296661376953 5251.8414306640625
0.06497383117675781 5251.847106933594
0.06997418403625488 5251.853973388672
0.06221580505371094 5251.860870361328
0.06239199638366699 5251.866607666016
0.0675039291381836 5251.869873046875
0.06270694732666016 5251.871246337891
0.062486886978149414 5251.871520996094
0.06261777877807617 5251.872314453125
0.06386113166809082 5251.874664306641
0.0630648136138916 5251.879730224609
0.062436819076538086 5251.888000488281
0.06253886222839355 5251.899749755859
0.09413814544677734 5251.9150390625
0.0626838207244873 5251.933074951172
0.06270289421081543 5251.953033447266
0.06244707107543945 5251.9737548828125
0.06295585632324219 5251.994537353516
0.06244611740112305 5252.013641357422
0.06295204162597656 5252.030456542969
0.09668898582458496 5252.044219970703
0.0637822151184082 5252.054718017578
0.06522107124328613 5252.061706542969
0.06428861618041992 5252.066070556641
0.06272697448730469 5252.068084716797
0.06307482719421387 5252.0684814453125
0.07843208312988281 5252.068664550781
0.06244778633117676 5252.069183349609
0.06273102760314941 5252.0699462890625
0.06306791305541992 5252.070709228516
0.0627450942993164 5252.071502685547
0.20901823043823242 5252.072021484375
0.06382012367248535 5252.071838378906
0.07039308547973633 5252.070037841797
0.06393766403198242 5252.066162109375
0.07826995849609375 5252.057647705078
0.06630587577819824 5252.0440673828125
0.27121400833129883 5252.025695800781
0.29229092597961426 5252.002746582031
