0.06587815284729004 2975.3190002441406
0.05397820472717285 3043.4771575927734
0.05339336395263672 3114.1231536865234
0.05389809608459473 3186.270965576172
0.054334163665771484 3259.7001342773438
0.05552387237548828 3333.7508544921875
0.11798715591430664 3407.4940185546875
0.053238868713378906 3480.7863159179688
0.05277109146118164 3554.0401306152344
0.05740022659301758 3627.4301147460938
0.0538177490234375 3701.0513305664062
0.05359196662902832 3775.0186157226562
0.052729129791259766 3849.0714111328125
0.053201913833618164 3922.442108154297
0.052973031997680664 3994.5917358398438
0.0532071590423584 4065.890655517578
0.052958011627197266 4137.475067138672
0.05422019958496094 4210.281524658203
0.05341219902038574 4283.973907470703
0.052989959716796875 4355.225158691406
0.05282711982727051 4393.333343505859
0.052977800369262695 4409.437469482422
0.055084943771362305 4420.332122802734
0.05406785011291504 4423.765380859375
0.052896976470947266 4425.436981201172
0.05312085151672363 4428.394256591797
0.0527341365814209 4431.698303222656
0.052660226821899414 4434.191955566406
0.053021907806396484 4435.608367919922
0.05340218544006348 4435.911193847656
0.05351591110229492 4436.029052734375
0.05302929878234863 4436.01025390625
0.06249594688415527 4436.017761230469
0.061341285705566406 4436.1236572265625
0.05312609672546387 4436.297027587891
0.05288100242614746 4436.612854003906
0.0529170036315918 4436.96337890625
0.05365395545959473 4437.188903808594
0.05249309539794922 4437.1719970703125
0.05246901512145996 4436.97119140625
0.05281496047973633 4436.781890869141
0.05217623710632324 4436.801330566406
0.05291295051574707 4437.0836181640625
0.052346229553222656 4437.490478515625
0.05537915229797363 4437.786804199219
0.05248212814331055 4437.808868408203
0.05235791206359863 4437.590911865234
0.05274772644042969 4437.346282958984
0.08235788345336914 4437.311767578125
0.052767276763916016 4437.567474365234
0.05412483215332031 4437.960998535156
0.05281996726989746 4438.243072509766
0.05263400077819824 4438.226745605469
0.052941083908081055 4437.9600830078125
0.05269312858581543 4437.731506347656
0.05273103713989258 4437.796112060547
0.052561044692993164 4438.144012451172
0.05348396301269531 4438.545104980469
0.05263686180114746 4438.700744628906
0.052594900131225586 4438.517272949219
0.05230402946472168 4438.235778808594
0.11608195304870605 4438.214263916016
0.05251622200012207 4438.576843261719
0.053130149841308594 4439.070892333984
0.2010049819946289 4439.268310546875
0.055357933044433594 4439.011413574219
0.05299210548400879 4438.596893310547
0.052989959716796875 4438.451690673828
0.05301785469055176 4438.758697509766
0.05353808403015137 4439.234130859375
0.053859710693359375 4439.399841308594
0.052704572677612305 4439.0692138671875
0.0522310733795166 4438.5595703125
0.05253481864929199 4438.389404296875
0.052732229232788086 4438.726226806641
0.05252981185913086 4439.198791503906
0.14644289016723633 4439.351043701172
0.05394887924194336 4439.035003662109
0.05289292335510254 4438.559814453125
0.05265617370605469 4438.419464111328
0.052910804748535156 4438.779022216797
0.05302286148071289 4439.276397705078
0.05303788185119629 4439.387756347656
0.06081509590148926 4438.983642578125
0.055490732192993164 4438.485290527344
0.05327272415161133 4438.434295654297
0.07165098190307617 4438.908874511719
0.05235910415649414 4439.4193115234375
0.053236961364746094 4439.4168701171875
0.054986000061035156 4438.89306640625
0.060997962951660156 4438.406707763672
0.05307602882385254 4438.493469238281
0.052713871002197266 4439.058898925781
0.057008981704711914 4439.502380371094
0.059256792068481445 4439.3399658203125
0.05361199378967285 4438.732421875
0.05327415466308594 4438.335754394531
0.05412411689758301 4438.590301513672
0.05299115180969238 4439.178131103516
0.08072996139526367 4439.470855712891
0.05244302749633789 4439.1595458984375
0.0528559684753418 4438.577667236328
0.05276894569396973 4438.370697021484
0.053641319274902344 4438.776306152344
0.05432486534118652 4439.3416748046875
0.05475926399230957 4439.4365234375
0.05922579765319824 4438.9544677734375
0.05287504196166992 4438.43701171875
0.05264401435852051 4438.474029541016
0.05307888984680176 4439.0294189453125
0.053720951080322266 4439.477325439453
0.052971839904785156 4439.307800292969
0.05336332321166992 4438.714599609375
0.05294179916381836 4438.3756103515625
0.052684783935546875 4438.679656982422
0.053108930587768555 4439.2738037109375
0.05383491516113281 4439.474182128906
0.053958892822265625 4439.05126953125
0.05320119857788086 4438.495147705078
0.05259394645690918 4438.448913574219
0.05219674110412598 4438.961212158203
0.05264902114868164 4439.431701660156
0.0526731014251709 4439.312896728516
0.053053855895996094 4438.751373291016
0.05344200134277344 4438.4090576171875
0.05283784866333008 4438.685455322266
0.05237603187561035 4439.243896484375
0.05290389060974121 4439.428253173828
0.053481101989746094 4439.032470703125
0.059233903884887695 4438.536346435547
0.05758190155029297 4438.530029296875
0.05565595626831055 4439.010559082031
0.05233502388000488 4439.396392822266
0.05354189872741699 4439.230438232422
0.05245018005371094 4438.7247314453125
0.05254316329956055 4438.490997314453
0.05237388610839844 4438.799560546875
0.05403304100036621 4439.261383056641
0.05287909507751465 4439.314453125
0.05291891098022461 4438.906951904297
0.05220198631286621 4438.5457763671875
0.05341172218322754 4438.666015625
0.0525660514831543 4439.102691650391
0.05213475227355957 4439.312713623047
0.05370616912841797 4439.050537109375
0.05256009101867676 4438.658294677734
0.05283093452453613 4438.624298095703
0.05251908302307129 4438.976043701172
0.05222511291503906 4439.264801025391
0.05246591567993164 4439.139678955078
0.05232882499694824 4438.778869628906
0.08083391189575195 4438.643890380859
0.05221104621887207 4438.891906738281
0.05215907096862793 4439.1932373046875
0.05232119560241699 4439.168670654297
0.05209612846374512 4438.867919921875
0.0829629898071289 4438.684722900391
0.053093910217285156 4438.841552734375
0.054680824279785156 4439.117218017578
0.05319690704345703 4439.153381347656
0.05235886573791504 4438.918426513672
0.052678823471069336 4438.728576660156
0.05242490768432617 4438.821868896484
0.05239081382751465 4439.057464599609
0.05236506462097168 4439.121826171875
0.05253291130065918 4438.94482421875
0.05267477035522461 4438.7735595703125
0.0538020133972168 4438.830291748047
0.052559852600097656 4439.024353027344
0.05259585380554199 4439.093658447266
0.0531001091003418 4438.959899902344
0.055023193359375 4438.817840576172
0.0816199779510498 4438.857513427734
0.05344104766845703 4439.013488769531
0.052369117736816406 4439.072204589844
0.05530691146850586 4438.967224121094
0.052722930908203125 4438.855621337891
0.05296587944030762 4438.889007568359
0.05434918403625488 4439.010589599609
0.05283093452453613 4439.049865722656
0.05262303352355957 4438.962097167969
0.052654266357421875 4438.877777099609
0.05229592323303223 4438.909393310547
0.05234360694885254 4439.0
0.052333831787109375 4439.017486572266
0.05389595031738281 4438.942443847656
0.05280423164367676 4438.884216308594
0.05260586738586426 4438.918182373047
0.0524289608001709 4438.985443115234
0.05311417579650879 4438.988250732422
0.052397727966308594 4438.930480957031
0.05442380905151367 4438.901550292969
0.05259394645690918 4438.942718505859
0.05266094207763672 4438.994476318359
0.05266523361206055 4438.990539550781
0.052262067794799805 4438.951385498047
0.05244183540344238 4438.945007324219
0.05219912528991699 4438.984161376953
0.054058074951171875 4439.0130615234375
0.05272388458251953 4438.994293212891
0.05243110656738281 4438.959014892578
0.052865028381347656 4438.9539794921875
0.05272388458251953 4438.9725341796875
0.08103203773498535 4438.971740722656
0.05309724807739258 4438.939605712891
0.052983999252319336 4438.911315917969
0.05272078514099121 4438.91455078125
0.05279898643493652 4438.933837890625
0.05250906944274902 4438.9404296875
0.05240988731384277 4438.936920166016
0.05306696891784668 4438.946990966797
0.052568912506103516 4438.975036621094
0.05335712432861328 4438.999786376953
0.05240607261657715 4438.994537353516
0.05251026153564453 4438.94873046875
0.052461862564086914 4438.940734863281
0.052462100982666016 4439.007385253906
0.05271291732788086 4439.067718505859
0.53401780128479 4439.0291748046875
0.057176828384399414 4438.945983886719
0.054624080657958984 4438.9345703125
0.0539240837097168 4438.989440917969
0.05341219902038574 4438.988494873047
0.05284285545349121 4438.8885498046875
0.05278897285461426 4438.826324462891
0.05463600158691406 4438.886901855469
0.05386209487915039 4438.985137939453
0.05258321762084961 4439.011779785156
0.06021618843078613 4438.969299316406
0.053830862045288086 4438.941070556641
0.054666996002197266 4438.9705810546875
0.0547027587890625 4439.009796142578
0.05336499214172363 4439.006134033203
0.052731990814208984 4438.989959716797
0.053018808364868164 4438.986663818359
0.052510976791381836 4438.996887207031
0.19937610626220703 4439.0048828125
0.05620312690734863 4439.001770019531
0.05388188362121582 4438.9935302734375
0.052763938903808594 4438.985656738281
0.052963972091674805 4438.9852294921875
0.0527501106262207 4438.969390869141
0.05272698402404785 4438.943176269531
0.053254127502441406 4438.941986083984
0.052764892578125 4438.969482421875
0.05471515655517578 4438.997955322266
0.05294609069824219 4439.000915527344
0.05277419090270996 4438.982666015625
0.05300593376159668 4438.971405029297
0.052849769592285156 4438.9764404296875
0.05265307426452637 4438.9801025390625
0.05742502212524414 4438.971710205078
0.05279994010925293 4438.962463378906
0.05336880683898926 4438.963226318359
0.05291008949279785 4438.967956542969
0.10244417190551758 4438.966522216797
0.0529172420501709 4438.962341308594
0.0526881217956543 4438.960174560547
0.05335497856140137 4438.951385498047
0.05301094055175781 4438.955505371094
0.05368781089782715 4438.98046875
0.05275416374206543 4438.999816894531
0.05264687538146973 4438.995574951172
0.052700042724609375 4438.988555908203
0.052693843841552734 4438.999206542969
0.05400800704956055 4439.0140380859375
0.05292701721191406 4439.01416015625
0.05283093452453613 4439.006195068359
0.05292963981628418 4439.0010986328125
0.05252671241760254 4438.9984130859375
0.05296587944030762 4438.994293212891
0.05383801460266113 4438.9842529296875
0.05440998077392578 4438.971588134766
0.05285787582397461 4438.966156005859
0.05237078666687012 4438.965545654297
0.05233883857727051 4438.962188720703
0.05275416374206543 4438.958648681641
0.053148746490478516 4438.960632324219
0.053833961486816406 4438.966552734375
0.05243086814880371 4438.971527099609
0.10278201103210449 4438.975494384766
0.05302596092224121 4438.981018066406
0.05302619934082031 4438.987640380859
0.05334186553955078 4438.992584228516
0.0534520149230957 4438.995269775391
0.053724050521850586 4438.993713378906
0.0537409782409668 4438.962554931641
0.05242609977722168 4438.953826904297
0.053140878677368164 4438.991851806641
0.05273890495300293 4439.025115966797
0.05257296562194824 4439.014617919922
0.05294394493103027 4438.986877441406
0.054373979568481445 4438.984436035156
0.055197954177856445 4438.995758056641
0.05272984504699707 4438.990417480469
0.053045034408569336 4438.975494384766
0.05290985107421875 4438.9727783203125
0.05254483222961426 4438.978698730469
0.05237126350402832 4438.979278564453
0.05381608009338379 4438.976257324219
0.0528719425201416 4438.9788818359375
0.05296826362609863 4438.985168457031
0.052648067474365234 4438.9876708984375
0.052687883377075195 4438.986785888672
0.05301403999328613 4438.987091064453
0.053793907165527344 4438.988922119141
0.05280494689941406 4438.98974609375
0.08106184005737305 4438.990020751953
0.05239582061767578 4438.991760253906
0.052110910415649414 4438.994659423828
0.05339813232421875 4438.997406005859
0.052520036697387695 4439.000152587891
0.05312013626098633 4439.003326416016
0.05250120162963867 4439.006805419922
0.05230593681335449 4439.009429931641
0.052551984786987305 4439.010986328125
0.052494049072265625 4438.989074707031
0.07720613479614258 4438.962463378906
0.052574872970581055 4438.9779052734375
0.05682516098022461 4439.012908935547
0.05267500877380371 4439.023345947266
0.05285191535949707 4439.014373779297
0.05298304557800293 4439.010559082031
0.05301403999328613 4439.007843017578
0.05256795883178711 4438.997406005859
0.05254983901977539 4438.986267089844
0.054840803146362305 4438.980407714844
0.0524287223815918 4438.976379394531
0.05240297317504883 4438.9727783203125
0.052139997482299805 4438.972717285156
0.05225014686584473 4438.977020263672
0.05242109298706055 4438.983367919922
0.05643105506896973 4438.990661621094
0.05275225639343262 4438.998962402344
0.052658796310424805 4438.97900390625
0.05279994010925293 4438.949432373047
0.05213189125061035 4438.968719482422
0.05333590507507324 4439.011169433594
0.05283689498901367 4439.025329589844
0.054148197174072266 4439.018005371094
0.052908897399902344 4439.016815185547
0.052526235580444336 4439.023162841797
0.052658796310424805 4439.023956298828
0.05255699157714844 4439.015716552734
0.052484989166259766 4439.00537109375
0.05220317840576172 4438.996734619141
0.05363798141479492 4438.979583740234
0.05258011817932129 4438.959259033203
0.052915096282958984 4438.949127197266
0.05264878273010254 4438.945098876953
0.05273580551147461 4438.941314697266
0.05249500274658203 4438.941558837891
0.05283308029174805 4438.947418212891
0.055010080337524414 4438.957824707031
0.052863121032714844 4438.970245361328
0.052520036697387695 4438.983703613281
0.05286812782287598 4438.9952392578125
0.05266690254211426 4439.0035400390625
0.052806854248046875 4439.011322021484
0.08051371574401855 4439.01513671875
0.05318093299865723 4439.013153076172
0.05327892303466797 4438.98828125
0.052813053131103516 4438.974182128906
0.0531618595123291 4438.994293212891
0.05292010307312012 4439.00244140625
0.05260324478149414 4438.976226806641
0.05318927764892578 4438.958770751953
0.05281686782836914 4438.961853027344
0.05283403396606445 4438.958984375
0.053015947341918945 4438.951080322266
0.05203080177307129 4438.952056884766
0.052845001220703125 4438.958648681641
0.052755117416381836 4438.9637451171875
0.05319499969482422 4438.970550537109
0.052709102630615234 4438.97265625
0.05293583869934082 4438.972900390625
0.052451133728027344 4438.993743896484
0.05275535583496094 4439.009857177734
0.05205678939819336 4439.001678466797
0.05264115333557129 4438.996734619141
0.05423617362976074 4439.001403808594
0.05247020721435547 4438.999908447266
0.05251884460449219 4438.993804931641
0.0531620979309082 4438.990936279297
0.05293607711791992 4438.988922119141
0.08046698570251465 4438.985107421875
0.05217576026916504 4438.9825439453125
0.05524921417236328 4438.981994628906
0.05332517623901367 4438.982238769531
0.05286407470703125 4438.982971191406
0.052520036697387695 4438.984466552734
0.05234408378601074 4438.986480712891
0.05243492126464844 4438.9891357421875
0.05410027503967285 4438.9930419921875
0.0524439811706543 4438.998718261719
0.05231475830078125 4439.005889892578
0.05232691764831543 4439.00634765625
0.05246710777282715 4439.013824462891
0.06554508209228516 4439.032653808594
0.05270886421203613 4439.033966064453
0.05356788635253906 4439.025604248047
0.05261802673339844 4439.023406982422
0.05242586135864258 4439.0189208984375
0.05283093452453613 4439.010498046875
0.05465579032897949 4439.004119873047
0.053442955017089844 4438.999847412109
0.05303382873535156 4438.996124267578
0.05353569984436035 4438.994079589844
0.05252504348754883 4438.994140625
0.05235099792480469 4438.975341796875
0.05229902267456055 4438.954071044922
0.08079099655151367 4438.967620849609
0.052496910095214844 4438.988189697266
0.05532693862915039 4438.99267578125
0.05418109893798828 4438.992645263672
0.053177833557128906 4438.995788574219
0.05295300483703613 4438.99853515625
0.05253028869628906 4438.998748779297
0.05302596092224121 4438.997314453125
0.05278420448303223 4438.9954833984375
0.05360984802246094 4438.988525390625
0.05283689498901367 4438.978240966797
0.05303502082824707 4438.972412109375
0.05260300636291504 4438.969299316406
0.052889108657836914 4438.966461181641
0.054492950439453125 4438.965972900391
0.05355191230773926 4438.968048095703
0.05414724349975586 4438.962585449219
0.05307412147521973 4438.970733642578
0.05247616767883301 4438.9884033203125
0.05248308181762695 4438.99267578125
0.052555084228515625 4438.994323730469
0.05272507667541504 4439.001617431641
0.052496910095214844 4439.005889892578
0.05385303497314453 4439.0067138671875
0.05254411697387695 4439.004791259766
0.05270576477050781 4439.000091552734
0.05268287658691406 4438.994964599609
0.053182125091552734 4438.983184814453
0.05255770683288574 4438.969665527344
0.05226492881774902 4438.977203369141
0.054388999938964844 4438.972106933594
0.05277085304260254 4438.959655761719
0.05283308029174805 4438.960357666016
0.052332162857055664 4438.961242675781
0.052668094635009766 4438.960845947266
0.05292201042175293 4438.963623046875
0.05235576629638672 4438.9674072265625
0.0548253059387207 4438.971099853516
0.052927255630493164 4438.975189208984
0.05252695083618164 4438.979522705078
0.05257606506347656 4438.9832763671875
0.05256009101867676 4438.986267089844
0.05229687690734863 4438.988311767578
0.07977485656738281 4438.989013671875
0.05321002006530762 4438.988464355469
0.054843902587890625 4438.986907958984
0.055382728576660156 4438.984802246094
0.05344080924987793 4438.983123779297
0.053884029388427734 4438.982269287109
0.05295586585998535 4438.982360839844
0.05417919158935547 4438.983123779297
0.052694082260131836 4438.984375
0.0806741714477539 4438.985687255859
0.052581787109375 4438.986999511719
0.05284619331359863 4438.988922119141
0.052459001541137695 4438.991760253906
0.05309700965881348 4438.9957275390625
0.0542299747467041 4439.000518798828
0.052696943283081055 4439.005584716797
0.05257296562194824 4439.009918212891
0.05304098129272461 4439.012756347656
0.052883148193359375 4439.013580322266
0.052861928939819336 4439.012664794922
0.05281710624694824 4439.010681152344
0.0553128719329834 4439.008239746094
0.05214691162109375 4439.006042480469
0.05226778984069824 4438.991668701172
0.05244112014770508 4438.995513916016
0.0664980411529541 4439.009582519531
0.05263471603393555 4439.0106201171875
0.054229021072387695 4439.008483886719
0.05330300331115723 4439.010833740234
0.0532221794128418 4439.013092041016
0.05220794677734375 4439.013671875
0.05286288261413574 4438.994659423828
0.05207395553588867 4438.979644775391
0.06635499000549316 4438.992340087891
0.05377006530761719 4439.0006103515625
0.052633047103881836 4438.998626708984
0.06259393692016602 4438.995513916016
0.053112030029296875 4438.9918212890625
0.052874088287353516 4438.977355957031
0.05307507514953613 4438.949066162109
0.05300092697143555 4438.956390380859
0.06026196479797363 4438.972106933594
0.05311417579650879 4438.974029541016
0.05309319496154785 4438.964996337891
0.05325794219970703 4438.963653564453
0.05284690856933594 4438.968719482422
0.0530390739440918 4438.972259521484
0.05348825454711914 4438.977966308594
0.054531097412109375 4438.98193359375
0.056114912033081055 4438.984771728516
0.05460691452026367 4438.991363525391
0.05280590057373047 4438.994720458984
0.052787065505981445 4438.983734130859
0.053251028060913086 4438.951599121094
0.08965706825256348 4438.967864990234
0.052931785583496094 4438.992706298828
0.05318093299865723 4438.999176025391
0.05282187461853027 4439.003204345703
0.0527341365814209 4439.006896972656
0.0528261661529541 4439.002349853516
0.05291390419006348 4438.992492675781
0.08070111274719238 4438.986633300781
0.052561283111572266 4438.981231689453
0.05257391929626465 4438.975769042969
0.052826881408691406 4438.971832275391
0.05280327796936035 4438.969207763672
0.052732229232788086 4438.967864990234
0.05305171012878418 4438.968200683594
0.05432415008544922 4438.969696044922
0.05291914939880371 4438.972564697266
0.05265998840332031 4438.976135253906
0.05293107032775879 4438.980041503906
0.05322098731994629 4438.983856201172
0.05305600166320801 4438.987152099609
0.05373501777648926 4438.989471435547
0.05293416976928711 4438.9906005859375
0.05292010307312012 4438.9906005859375
0.05478215217590332 4438.989685058594
0.05277585983276367 4438.988220214844
0.05298304557800293 4438.986541748047
0.052729129791259766 4438.985290527344
0.05313825607299805 4438.984619140625
0.05276203155517578 4438.984771728516
0.05289506912231445 4438.9854736328125
0.054334163665771484 4438.986724853516
0.052985191345214844 4438.983612060547
0.052462100982666016 4438.977783203125
0.05298900604248047 4438.995788574219
0.05383586883544922 4439.005920410156
0.052664995193481445 4439.005126953125
0.05252408981323242 4439.009613037109
0.053218841552734375 4439.0130615234375
0.052541255950927734 4439.014404296875
0.05284929275512695 4439.014343261719
0.052778005599975586 4439.0130615234375
0.05411410331726074 4439.011077880859
0.05297493934631348 4439.008941650391
0.05283689498901367 4439.006744384766
0.052533864974975586 4438.965728759766
0.05289292335510254 4438.952789306641
0.05304694175720215 4438.977111816406
0.05251288414001465 4438.993469238281
0.05451083183288574 4439.000213623047
0.05313706398010254 4439.004852294922
0.052842140197753906 4439.010009765625
0.05269193649291992 4439.010833740234
0.0720071792602539 4439.010772705078
0.05284285545349121 4439.002746582031
0.08269906044006348 4438.991973876953
0.053881168365478516 4438.984283447266
0.05322384834289551 4438.9776611328125
0.05308198928833008 4438.972076416016
0.05252385139465332 4438.944610595703
0.08034300804138184 4438.9168701171875
0.05268597602844238 4438.938659667969
0.0532989501953125 4438.960418701172
0.05241084098815918 4438.959442138672
0.052498817443847656 4438.9713134765625
0.05533099174499512 4438.983489990234
0.05261111259460449 4438.992156982422
0.05254983901977539 4438.998870849609
0.05283784866333008 4439.004425048828
0.056333065032958984 4439.0084228515625
0.05253767967224121 4439.010467529297
0.05292916297912598 4439.008453369141
0.05304312705993652 4438.996887207031
0.052635908126831055 4438.988830566406
0.05271482467651367 4438.982330322266
0.052847862243652344 4438.9765625
0.054368019104003906 4438.972595214844
0.05255603790283203 4438.970489501953
0.052419185638427734 4438.970428466797
0.052484750747680664 4438.972259521484
0.0522611141204834 4438.975799560547
0.052542924880981445 4438.980224609375
0.052790164947509766 4438.985107421875
0.05292320251464844 4438.990081787109
0.05233001708984375 4438.994354248047
0.052355051040649414 4438.997741699219
0.052577972412109375 4438.999847412109
0.0521998405456543 4439.000579833984
0.05232810974121094 4438.9998779296875
0.05299878120422363 4438.997772216797
0.053079843521118164 4438.994415283203
0.05240130424499512 4438.990020751953
0.052514076232910156 4438.984802246094
0.0527498722076416 4438.979644775391
0.052411794662475586 4438.974884033203
0.05264711380004883 4438.9710693359375
0.05393195152282715 4438.968811035156
0.05249810218811035 4438.96826171875
0.05238485336303711 4438.969635009766
0.05247807502746582 4438.972564697266
0.05263710021972656 4438.970153808594
0.05219411849975586 4438.982727050781
0.0523371696472168 4438.9921875
0.05509018898010254 4438.997772216797
0.05304694175720215 4439.005279541016
0.05295896530151367 4439.011932373047
0.052690982818603516 4439.016174316406
0.052078962326049805 4439.017272949219
0.0523219108581543 4439.015380859375
0.05239701271057129 4439.011169433594
0.05448293685913086 4439.005279541016
0.05224275588989258 4438.998870849609
0.05283021926879883 4438.951385498047
0.08098816871643066 4438.931884765625
0.05268502235412598 4438.955291748047
0.055381059646606445 4438.974304199219
0.0536959171295166 4438.983337402344
0.05315566062927246 4438.98974609375
0.052593231201171875 4438.996917724609
0.05252575874328613 4439.002899169922
0.05295372009277344 4438.995635986328
0.05323529243469238 4438.9940185546875
0.05280709266662598 4438.994598388672
0.05397319793701172 4438.994842529297
0.05278515815734863 4438.995025634766
0.05333304405212402 4438.994812011719
0.06612420082092285 4438.994445800781
0.052763938903808594 4438.9935302734375
0.0531768798828125 4438.949279785156
0.05279684066772461 4438.9359130859375
0.05415987968444824 4438.959655761719
0.05299997329711914 4438.977264404297
0.05263781547546387 4438.985321044922
0.053067922592163086 4438.990447998047
0.09643006324768066 4438.995666503906
0.05289769172668457 4439.000061035156
0.056771039962768555 4439.0030517578125
0.05310630798339844 4439.004547119141
0.05283713340759277 4439.005218505859
0.0528719425201416 4438.996734619141
0.05308413505554199 4438.990325927734
0.05228400230407715 4438.987335205078
0.0532689094543457 4438.9859619140625
0.05405879020690918 4438.986389160156
0.054125070571899414 4438.988433837891
0.05304694175720215 4438.991851806641
0.0530858039855957 4438.996032714844
0.052741050720214844 4439.000579833984
0.05274510383605957 4439.004730224609
0.05259418487548828 4439.007781982422
0.059085845947265625 4439.009521484375
0.05296015739440918 4439.009552001953
0.05334615707397461 4439.003723144531
0.05288195610046387 4438.999481201172
0.05281996726989746 4439.001892089844
0.053148746490478516 4438.994873046875
0.05278801918029785 4438.986999511719
0.05437326431274414 4438.981353759766
0.05320310592651367 4438.975860595703
0.052522897720336914 4438.9735107421875
0.05342411994934082 4438.973541259766
0.052728891372680664 4438.973297119141
0.05281186103820801 4438.975067138672
0.09984612464904785 4438.979156494141
0.053070783615112305 4438.955627441406
0.05294537544250488 4438.947113037109
0.09891510009765625 4438.972198486328
0.05278801918029785 4438.994323730469
0.05279397964477539 4439.006378173828
0.052686214447021484 4439.013092041016
0.054258108139038086 4439.015319824219
0.05283093452453613 4439.003601074219
0.05283927917480469 4438.993804931641
0.05289125442504883 4438.986724853516
0.05290102958679199 4438.9757080078125
0.0533597469329834 4438.919830322266
0.05306601524353027 4438.928863525391
0.05377793312072754 4438.959289550781
0.05351400375366211 4438.972412109375
0.0531458854675293 4438.984161376953
0.053195953369140625 4438.990661621094
0.05263090133666992 4438.9896240234375
0.052889108657836914 4438.989807128906
0.052980899810791016 4438.994781494141
0.05578494071960449 4438.996368408203
0.05294990539550781 4438.998199462891
0.05280423164367676 4438.997863769531
0.05269908905029297 4438.989898681641
0.05301618576049805 4438.9619140625
0.05280303955078125 4438.97265625
0.053968191146850586 4438.9942626953125
0.053086042404174805 4439.003448486328
0.05265688896179199 4439.005310058594
0.0525057315826416 4438.997833251953
0.05285024642944336 4438.99560546875
0.052793025970458984 4438.993499755859
0.05295109748840332 4438.990661621094
0.05415511131286621 4438.98779296875
0.05264163017272949 4438.9857177734375
0.05289816856384277 4438.983642578125
0.05544304847717285 4438.985137939453
0.052635908126831055 4438.987091064453
0.05307483673095703 4438.989410400391
0.05237388610839844 4438.993408203125
0.05470991134643555 4438.997131347656
0.05321383476257324 4439.000640869141
0.052824974060058594 4439.003143310547
0.052602291107177734 4438.99072265625
0.05308389663696289 4438.9693603515625
0.05236387252807617 4438.980560302734
0.0526280403137207 4438.998565673828
0.05438590049743652 4439.004577636719
0.053642988204956055 4439.008087158203
0.053054094314575195 4439.010040283203
0.053140878677368164 4439.012542724609
0.08112382888793945 4439.006042480469
0.05340099334716797 4439.000244140625
0.05416107177734375 4438.998077392578
0.08076786994934082 4438.989959716797
0.05274796485900879 4438.974365234375
0.05312991142272949 4438.98046875
0.052803754806518555 4438.994689941406
0.05252575874328613 4438.997741699219
0.0525209903717041 4438.994689941406
0.05352425575256348 4438.992858886719
0.0526881217956543 4438.9952392578125
0.053128957748413086 4438.995666503906
0.05257892608642578 4438.995880126953
0.05265998840332031 4438.9686279296875
0.05248713493347168 4438.955535888672
0.05257773399353027 4438.9747314453125
0.1883862018585205 4438.988830566406
0.05307269096374512 4438.994781494141
0.05240201950073242 4438.996734619141
0.05297994613647461 4438.999114990234
0.05415201187133789 4439.001281738281
0.052899837493896484 4438.994140625
0.05385613441467285 4438.985595703125
0.05302572250366211 4438.982330322266
0.05243372917175293 4438.97802734375
0.05273008346557617 4438.974426269531
0.052668094635009766 4438.971862792969
0.0525357723236084 4438.970428466797
0.052854061126708984 4438.970062255859
0.05368304252624512 4438.970764160156
0.052520036697387695 4438.972442626953
0.05240201950073242 4438.974639892578
0.0526578426361084 4438.977111816406
0.05323910713195801 4438.979461669922
0.06332707405090332 4438.981353759766
0.052597999572753906 4438.982513427734
0.05397987365722656 4438.98291015625
0.053116798400878906 4438.980560302734
0.053209781646728516 4438.9818115234375
0.05285286903381348 4438.983825683594
0.05230426788330078 4438.982208251953
0.05299687385559082 4438.982208251953
0.15299630165100098 4438.98291015625
0.05459403991699219 4438.983459472656
0.05299711227416992 4438.983917236328
0.052770137786865234 4438.984436035156
0.05402994155883789 4438.985260009766
0.05338597297668457 4438.986541748047
0.05267000198364258 4438.988311767578
0.05426502227783203 4438.990539550781
0.05299997329711914 4438.9925537109375
0.052977800369262695 4438.993988037109
0.05313420295715332 4438.994140625
0.05302715301513672 4438.9931640625
0.05303192138671875 4438.991394042969
0.052726030349731445 4438.9896240234375
0.08242487907409668 4438.9837646484375
0.16306090354919434 4438.985443115234
0.05465507507324219 4438.993682861328
0.05323600769042969 4438.994232177734
0.05457901954650879 4438.995147705078
0.053811073303222656 4438.999664306641
0.05409812927246094 4439.003723144531
0.053114891052246094 4439.006408691406
0.05289602279663086 4439.008514404297
0.05314922332763672 4439.009704589844
0.05273890495300293 4439.010040283203
0.053102970123291016 4439.009735107422
0.05303382873535156 4438.998718261719
0.05358171463012695 4438.988342285156
0.05340003967285156 4438.998626708984
0.05312705039978027 4439.012390136719
0.05251574516296387 4439.015533447266
0.05237102508544922 4438.995758056641
0.05243086814880371 4438.981384277344
0.05259084701538086 4438.995330810547
0.05373787879943848 4439.009582519531
0.052556753158569336 4439.004486083984
0.05307912826538086 4438.992950439453
0.05281186103820801 4438.993133544922
0.08366799354553223 4438.994689941406
0.05321002006530762 4438.989929199219
0.05412888526916504 4438.9866943359375
0.05442309379577637 4438.986602783203
0.05417490005493164 4438.958251953125
0.05327177047729492 4438.927490234375
0.054453134536743164 4438.944763183594
0.052931785583496094 4438.975280761719
0.052983999252319336 4438.988464355469
0.0542600154876709 4438.981964111328
0.08213090896606445 4438.982360839844
0.05331993103027344 4438.992919921875
0.0525667667388916 4439.000640869141
0.052932024002075195 4439.002593994141
0.05288195610046387 4439.002136230469
0.053076982498168945 4439.001770019531
0.053983211517333984 4438.996795654297
0.05547904968261719 4438.986480712891
0.053215980529785156 4438.9793701171875
0.05334591865539551 4438.97705078125
0.05273890495300293 4438.975341796875
0.052416086196899414 4438.973693847656
0.052979230880737305 4438.9736328125
0.05363321304321289 4438.97509765625
0.05306291580200195 4438.977325439453
0.05314993858337402 4438.979797363281
0.05276989936828613 4438.982391357422
0.05425906181335449 4438.985107421875
0.05295681953430176 4438.987243652344
0.08167600631713867 4438.988555908203
0.0546879768371582 4438.988983154297
0.05335497856140137 4438.98828125
0.0530548095703125 4438.9864501953125
0.05464911460876465 4438.984100341797
0.05295395851135254 4438.9813232421875
0.05277299880981445 4438.978942871094
0.05344104766845703 4438.977294921875
0.05287313461303711 4438.976593017578
0.05283999443054199 4438.976959228516
0.0529329776763916 4438.9779052734375
0.05251812934875488 4438.979095458984
0.05268502235412598 4438.980285644531
0.0529630184173584 4438.981842041016
0.05404090881347656 4438.983795166016
0.0524296760559082 4438.9864501953125
0.08046889305114746 4438.989562988281
0.0528559684753418 4438.992401123047
0.05320882797241211 4438.993927001953
0.052948951721191406 4438.982208251953
0.05318808555603027 4438.961517333984
0.05442500114440918 4438.964904785156
0.052999019622802734 4438.990081787109
0.0527651309967041 4439.008636474609
0.05290484428405762 4439.005584716797
0.052597999572753906 4438.991424560547
0.05320596694946289 4438.990264892578
0.053385019302368164 4438.999725341797
0.05365800857543945 4439.005035400391
0.052667856216430664 4439.003173828125
0.05275297164916992 4439.001220703125
0.052765846252441406 4439.0028076171875
0.05274486541748047 4439.0032958984375
0.05323314666748047 4438.9921875
0.05423784255981445 4438.986389160156
0.05368781089782715 4439.003936767578
0.052522897720336914 4439.02294921875
0.05262112617492676 4439.024597167969
0.05298614501953125 4438.999908447266
0.05338025093078613 4438.9732666015625
0.05243992805480957 4438.9786376953125
0.05421733856201172 4439.002777099609
0.052587032318115234 4439.017517089844
0.05350685119628906 4439.014221191406
0.05257701873779297 4439.001190185547
0.05299210548400879 4438.993194580078
0.052789926528930664 4438.995635986328
0.0532841682434082 4438.998260498047
0.053781986236572266 4438.9925537109375
0.052867889404296875 4438.9776611328125
0.0525970458984375 4438.946136474609
0.05243110656738281 4438.927825927734
0.1966109275817871 4438.952575683594
0.052813053131103516 4438.985687255859
0.05280804634094238 4438.998596191406
0.0534968376159668 4438.991912841797
0.0533299446105957 4438.979156494141
0.05289602279663086 4438.980987548828
0.052626848220825195 4438.994415283203
0.05245018005371094 4439.004608154297
0.05537891387939453 4439.0047607421875
0.05415701866149902 4438.9989013671875
0.0706639289855957 4438.992828369141
0.05341792106628418 4438.986999511719
0.05306696891784668 4438.981018066406
0.05241799354553223 4438.976867675781
0.05294489860534668 4438.97509765625
0.05260896682739258 4438.974639892578
0.054429054260253906 4438.974853515625
0.05505990982055664 4438.975555419922
0.0530092716217041 4438.977142333984
0.05301403999328613 4438.979705810547
0.052964210510253906 4438.9822998046875
0.05304598808288574 4438.9844970703125
0.05275082588195801 4438.986083984375
0.05464601516723633 4438.987243652344
0.05246996879577637 4438.988037109375
0.05295419692993164 4438.988677978516
0.05257225036621094 4438.988708496094
0.052307844161987305 4438.988067626953
0.05302786827087402 4438.986572265625
0.05419278144836426 4438.984466552734
0.05282711982727051 4438.981719970703
0.05240297317504883 4438.978515625
0.05244112014770508 4438.975280761719
0.052549123764038086 4438.972351074219
0.05257010459899902 4438.970306396484
0.05241584777832031 4438.969635009766
0.05332612991333008 4438.969909667969
0.0525968074798584 4438.971099853516
0.0523378849029541 4438.972412109375
0.052551984786987305 4438.9739990234375
0.05261111259460449 4438.975891113281
0.0522618293762207 4438.978729248047
0.0553739070892334 4438.982849121094
0.054055213928222656 4438.988250732422
0.052609920501708984 4438.994384765625
0.053195953369140625 4438.999847412109
0.05318498611450195 4439.003448486328
0.052977800369262695 4439.0045166015625
0.05270028114318848 4439.003509521484
0.05279898643493652 4439.0010986328125
0.054483890533447266 4438.993896484375
0.05305600166320801 4438.986724853516
0.052559852600097656 4438.994720458984
0.08089613914489746 4439.0089111328125
0.09059786796569824 4439.014343261719
0.057600975036621094 4439.007415771484
0.05448603630065918 4438.996826171875
0.052980899810791016 4438.992950439453
0.0541996955871582 4438.998138427734
0.05298209190368652 4439.003509521484
0.05289483070373535 4439.00048828125
0.05321097373962402 4438.996032714844
0.055481672286987305 4439.000549316406
0.05410575866699219 4439.013153076172
0.05489206314086914 4439.024322509766
0.05332612991333008 4439.025177001953
0.05306220054626465 4439.017425537109
0.05336713790893555 4438.999176025391
0.05301403999328613 4438.971374511719
0.05327415466308594 4438.960632324219
0.05453801155090332 4438.974182128906
0.09651303291320801 4439.0003662109375
0.05379319190979004 4439.018646240234
0.0529637336730957 4439.016204833984
0.053050994873046875 4438.996978759766
0.052974700927734375 4438.975982666016
0.053755998611450195 4438.966064453125
0.05316591262817383 4438.962493896484
0.052771806716918945 4438.958221435547
0.05307316780090332 4438.961639404297
0.07524514198303223 4438.97216796875
0.053048133850097656 4438.983978271484
0.06141304969787598 4438.98876953125
0.053687095642089844 4438.982757568359
0.05306816101074219 4438.97314453125
0.05269312858581543 4438.970672607422
0.05302596092224121 4438.979736328125
0.0530850887298584 4438.994171142578
0.05315518379211426 4439.003356933594
0.052900075912475586 4439.002960205078
0.05414700508117676 4438.994873046875
0.05454087257385254 4438.978057861328
0.053247928619384766 4438.952941894531
0.05289196968078613 4438.942626953125
0.053193092346191406 4438.957550048828
0.05303812026977539 4438.989593505859
0.05293083190917969 4439.020202636719
0.056253910064697266 4439.031341552734
0.053385019302368164 4439.014556884766
0.05311393737792969 4438.979827880859
0.054232120513916016 4438.950927734375
0.05305910110473633 4438.946716308594
0.052886962890625 4438.967071533203
0.054139137268066406 4438.9942626953125
0.05304718017578125 4439.00634765625
0.05304312705993652 4438.9932861328125
0.08133292198181152 4438.964294433594
0.052824974060058594 4438.940338134766
0.052268028259277344 4438.938903808594
0.05287337303161621 4438.961517333984
0.05406308174133301 4438.992980957031
0.05266594886779785 4439.012298583984
0.05284404754638672 4439.007232666016
0.05269503593444824 4438.982757568359
0.052832841873168945 4438.957061767578
0.05304908752441406 4438.949035644531
0.05322003364562988 4438.965362548828
