0.0889279842376709 4665.962829589844
0.07725691795349121 4780.817352294922
0.07918810844421387 4898.05744934082
0.10509204864501953 5016.469970703125
0.07753801345825195 5136.467071533203
0.10895085334777832 5258.6075439453125
0.07651877403259277 5382.587646484375
0.10413384437561035 5507.857360839844
0.07674384117126465 5634.025634765625
0.0760650634765625 5759.134674072266
0.07740497589111328 5883.839874267578
0.10328912734985352 6009.199462890625
0.0764610767364502 6134.457122802734
0.0778818130493164 6258.040832519531
0.07701563835144043 6377.866912841797
0.10330319404602051 6494.235687255859
0.07730793952941895 6609.8143310546875
0.07603597640991211 6726.900207519531
0.07671904563903809 6844.260192871094
0.10367822647094727 6954.926177978516
0.07741212844848633 7031.081451416016
0.07706809043884277 7074.893768310547
0.0772552490234375 7106.286895751953
0.10301423072814941 7126.032470703125
0.07616996765136719 7145.571380615234
0.07873415946960449 7158.709899902344
0.10369706153869629 7166.303375244141
0.07623887062072754 7174.477111816406
0.08280110359191895 7182.509460449219
0.08626675605773926 7184.378601074219
0.10280609130859375 7186.760223388672
0.07785797119140625 7189.024383544922
0.0767669677734375 7190.908111572266
0.0770101547241211 7192.945281982422
0.10327029228210449 7195.295166015625
0.07970595359802246 7197.621368408203
0.07666707038879395 7199.5411376953125
0.07647705078125 7200.5284423828125
0.1027829647064209 7200.413787841797
0.07715678215026855 7199.621490478516
0.07733774185180664 7198.902038574219
0.09421491622924805 7198.754577636719
0.1026601791381836 7199.0504150390625
0.0763709545135498 7199.423278808594
0.0774681568145752 7199.738037109375
0.0757439136505127 7200.044708251953
0.10318303108215332 7200.356140136719
0.07724428176879883 7200.670928955078
0.07601618766784668 7200.984405517578
0.07636404037475586 7201.254089355469
0.10372209548950195 7201.470550537109
0.0760188102722168 7201.644622802734
0.07647490501403809 7201.781646728516
0.10321831703186035 7201.874359130859
0.20495915412902832 7201.924041748047
0.07611894607543945 7201.940490722656
0.07695508003234863 7201.9383544921875
0.10404181480407715 7201.934295654297
0.07604002952575684 7201.944610595703
0.07815408706665039 7201.980682373047
0.07569098472595215 7202.049133300781
0.26061391830444336 7202.1490478515625
0.07805299758911133 7202.272918701172
0.07555389404296875 7202.40087890625
0.07599091529846191 7202.506530761719
0.10572099685668945 7202.574310302734
0.07757115364074707 7202.611297607422
0.07607722282409668 7202.638854980469
0.0784459114074707 7202.678771972656
0.10392284393310547 7202.744384765625
0.07695317268371582 7202.836395263672
0.07655477523803711 7202.946014404297
0.07856488227844238 7203.056976318359
0.11629796028137207 7203.151916503906
0.08365893363952637 7203.220764160156
0.07897233963012695 7203.271392822266
0.07782983779907227 7203.321014404297
0.10700011253356934 7203.382965087891
0.0880289077758789 7203.460876464844
0.0765838623046875 7203.551025390625
0.10486197471618652 7203.645477294922
0.07687807083129883 7203.739898681641
0.21319103240966797 7203.833984375
0.07790112495422363 7203.931610107422
0.10414886474609375 7204.0220947265625
0.07657599449157715 7204.104309082031
0.07782196998596191 7204.188995361328
0.07765412330627441 7204.266845703125
0.10299897193908691 7204.331756591797
0.07746410369873047 7204.380126953125
0.07681608200073242 7204.418487548828
0.0765829086303711 7204.442047119141
0.10416889190673828 7204.463897705078
0.07635188102722168 7204.484558105469
0.07610177993774414 7204.504119873047
0.07736396789550781 7204.522247314453
0.1043088436126709 7204.539459228516
0.07650995254516602 7204.552215576172
0.11892080307006836 7204.555084228516
0.07639813423156738 7204.556488037109
0.10367393493652344 7204.564880371094
0.07711100578308105 7204.581604003906
0.07685995101928711 7204.605773925781
0.0763099193572998 7204.633819580078
0.10452032089233398 7204.662109375
0.07881617546081543 7204.68701171875
0.07595086097717285 7204.70751953125
0.07632207870483398 7204.723236083984
0.11364293098449707 7204.735321044922
0.0782783031463623 7204.745361328125
0.07701516151428223 7204.755096435547
0.08002209663391113 7204.765106201172
0.10446500778198242 7204.7755126953125
0.07748699188232422 7204.785461425781
0.09188699722290039 7204.793151855469
0.07844209671020508 7204.797668457031
0.10411381721496582 7204.797119140625
0.0796349048614502 7204.790771484375
0.07835006713867188 7204.778167724609
0.10399794578552246 7204.758972167969
0.08025693893432617 7204.733612060547
0.07780194282531738 7204.7020263671875
0.07892584800720215 7204.6649169921875
0.10605740547180176 7204.622955322266
0.07831406593322754 7204.568878173828
0.07787585258483887 7204.508605957031
0.0783700942993164 7204.452880859375
0.10418009757995605 7204.405975341797
0.07688593864440918 7204.366638183594
0.0776970386505127 7204.332855224609
0.0769960880279541 7204.301971435547
0.10478520393371582 7204.273132324219
0.07822895050048828 7204.251861572266
0.07736682891845703 7204.246368408203
0.0771169662475586 7204.257720947266
0.10429215431213379 7204.287170410156
0.07708215713500977 7204.337158203125
0.08370804786682129 7204.408599853516
0.09993600845336914 7204.500732421875
0.10416793823242188 7204.609649658203
0.07684731483459473 7204.72705078125
0.07712578773498535 7204.843109130859
0.07644391059875488 7204.939270019531
0.1041269302368164 7204.998107910156
0.07724499702453613 7205.04638671875
0.08297395706176758 7205.096405029297
0.07694411277770996 7205.116302490234
0.1036531925201416 7205.118225097656
0.09035205841064453 7205.106750488281
0.0766150951385498 7205.0601806640625
0.08863687515258789 7204.940704345703
0.10418510437011719 7204.798095703125
0.07726788520812988 7204.688079833984
0.07737278938293457 7204.627899169922
0.07699871063232422 7204.620635986328
0.10686206817626953 7204.653717041016
0.07843613624572754 7204.703338623047
0.07698798179626465 7204.737548828125
0.0761411190032959 7204.742340087891
0.1050119400024414 7204.692687988281
0.07750797271728516 7204.5966796875
0.07664608955383301 7204.4744873046875
0.10318303108215332 7204.368469238281
0.10616683959960938 7204.30615234375
0.07602882385253906 7204.290496826172
0.07730293273925781 7204.312408447266
0.10293221473693848 7204.352325439453
0.07555389404296875 7204.387237548828
0.07648205757141113 7204.407867431641
0.07614779472351074 7204.4188232421875
0.10382270812988281 7204.430419921875
0.07767820358276367 7204.451873779297
0.07836294174194336 7204.488952636719
0.07632589340209961 7204.538391113281
0.10615086555480957 7204.591583251953
0.07842111587524414 7204.6446533203125
0.07676005363464355 7204.696716308594
0.07740211486816406 7204.747528076172
0.10335803031921387 7204.791168212891
0.0764608383178711 7204.7982177734375
0.07693696022033691 7204.77099609375
0.07944893836975098 7204.754669189453
0.10393500328063965 7204.765441894531
0.07635784149169922 7204.795593261719
0.07944703102111816 7204.832427978516
0.07662177085876465 7204.857086181641
0.10320615768432617 7204.862731933594
0.09479188919067383 7204.856414794922
0.07620000839233398 7204.825653076172
0.07636499404907227 7204.75390625
0.10379385948181152 7204.663269042969
0.0764169692993164 7204.589416503906
0.07642912864685059 7204.518463134766
0.07799291610717773 7204.461639404297
0.10383009910583496 7204.467620849609
0.07598876953125 7204.538513183594
0.07778120040893555 7204.643859863281
0.21764421463012695 7204.74609375
0.10398221015930176 7204.825042724609
0.07803201675415039 7204.863677978516
0.14273405075073242 7204.855438232422
0.07620525360107422 7204.809051513672
0.1073751449584961 7204.741546630859
0.07610392570495605 7204.637481689453
0.07585310935974121 7204.517059326172
0.10329914093017578 7204.436584472656
0.07639622688293457 7204.399078369141
0.07621383666992188 7204.377502441406
0.07755398750305176 7204.388977050781
0.10455012321472168 7204.430999755859
0.07648897171020508 7204.48681640625
0.07729887962341309 7204.544891357422
0.07669186592102051 7204.592346191406
0.10391902923583984 7204.611328125
0.07762408256530762 7204.610443115234
0.07718300819396973 7204.602600097656
0.07598590850830078 7204.6044921875
0.10546469688415527 7204.626007080078
0.07874369621276855 7204.663116455078
0.0763387680053711 7204.702209472656
0.07818913459777832 7204.7232666015625
0.1039581298828125 7204.714538574219
0.07594990730285645 7204.695343017578
0.0768120288848877 7204.7010498046875
0.08347487449645996 7204.725402832031
0.10398983955383301 7204.751373291016
0.07701420783996582 7204.764434814453
0.07584404945373535 7204.7652587890625
0.08004307746887207 7204.764007568359
0.10442781448364258 7204.7666015625
0.0776820182800293 7204.740417480469
0.07977008819580078 7204.654754638672
0.1177520751953125 7204.572296142578
0.1091151237487793 7204.503082275391
0.07806801795959473 7204.4835205078125
0.08283424377441406 7204.530548095703
0.07744693756103516 7204.608917236328
0.10440707206726074 7204.669403076172
0.07714509963989258 7204.696533203125
0.07746100425720215 7204.722991943359
0.07654023170471191 7204.739837646484
0.1041569709777832 7204.7327880859375
0.07683730125427246 7204.712585449219
0.07677292823791504 7204.666198730469
0.10475397109985352 7204.604217529297
0.0863652229309082 7204.535827636719
0.07663393020629883 7204.4962158203125
0.07661986351013184 7204.5013427734375
0.10381007194519043 7204.541198730469
0.0764169692993164 7204.588165283203
0.07668113708496094 7204.577178955078
0.07727885246276855 7204.547546386719
0.10377979278564453 7204.534271240234
0.07680273056030273 7204.538635253906
0.07744479179382324 7204.555358886719
0.0794668197631836 7204.584625244141
0.1042931079864502 7204.602935791016
0.07745623588562012 7204.612457275391
0.07619524002075195 7204.647125244141
0.0764467716217041 7204.70361328125
0.10422110557556152 7204.7564697265625
0.07715415954589844 7204.798919677734
0.11660122871398926 7204.833770751953
0.077056884765625 7204.863922119141
0.10568976402282715 7204.8876953125
0.07702207565307617 7204.884552001953
0.07710886001586914 7204.865570068359
0.0767979621887207 7204.812683105469
0.10402679443359375 7204.768585205078
0.07733893394470215 7204.716278076172
0.07603096961975098 7204.686859130859
0.07633423805236816 7204.68798828125
0.10599279403686523 7204.688385009766
0.07703018188476562 7204.650421142578
0.07646608352661133 7204.590515136719
0.07748603820800781 7204.52734375
0.10370802879333496 7204.4835205078125
0.07646489143371582 7204.47509765625
0.07805490493774414 7204.491729736328
0.07651209831237793 7204.522674560547
0.10396718978881836 7204.554412841797
0.07737898826599121 7204.584564208984
0.07608699798583984 7204.609588623047
0.07605695724487305 7204.613739013672
0.10401606559753418 7204.5828857421875
0.0760810375213623 7204.532867431641
0.0763700008392334 7204.5001220703125
0.07661914825439453 7204.493621826172
0.1062018871307373 7204.497833251953
0.07608699798583984 7204.511749267578
0.07568526268005371 7204.522735595703
0.10256719589233398 7204.531829833984
0.08001494407653809 7204.542938232422
0.0759730339050293 7204.556884765625
0.07914423942565918 7204.572814941406
0.10340619087219238 7204.569915771484
0.07525897026062012 7204.5626220703125
0.08677387237548828 7204.552673339844
0.07602500915527344 7204.550811767578
0.10356497764587402 7204.576690673828
0.07683801651000977 7204.605438232422
0.07629585266113281 7204.6395263671875
0.07595014572143555 7204.693420410156
0.10282301902770996 7204.7537841796875
0.07547307014465332 7204.799560546875
0.07597589492797852 7204.8306884765625
0.07827210426330566 7204.840026855469
0.1034092903137207 7204.814239501953
0.07734513282775879 7204.801330566406
0.07704806327819824 7204.812286376953
0.07697510719299316 7204.84326171875
0.10400104522705078 7204.886138916016
0.0778200626373291 7204.930725097656
0.07686996459960938 7204.9234619140625
0.07600688934326172 7204.881561279297
0.10317111015319824 7204.7833251953125
0.07581090927124023 7204.68896484375
0.07596802711486816 7204.562103271484
0.07771492004394531 7204.481048583984
0.10368800163269043 7204.465118408203
0.08839130401611328 7204.504852294922
0.09939789772033691 7204.582061767578
0.07658076286315918 7204.672332763672
0.10390496253967285 7204.755859375
0.07740378379821777 7204.783355712891
0.07638716697692871 7204.788848876953
0.07585692405700684 7204.773040771484
0.10563373565673828 7204.734558105469
0.10624289512634277 7204.684631347656
0.07870721817016602 7204.635223388672
0.10564422607421875 7204.594024658203
0.0765681266784668 7204.5650634765625
