0.0545499324798584 1802.6593475341797
0.039427995681762695 1842.7908630371094
0.03986501693725586 1885.3968811035156
0.03961300849914551 1928.633560180664
0.03869819641113281 1971.38232421875
0.038702964782714844 2013.9524841308594
0.038867950439453125 2056.3737182617188
0.0390477180480957 2098.768585205078
0.04002189636230469 2141.207794189453
0.039053916931152344 2183.7230529785156
0.03873419761657715 2226.3289489746094
0.039361000061035156 2269.024871826172
0.038565874099731445 2311.7884826660156
0.03882312774658203 2354.6227111816406
0.03888893127441406 2397.5187377929688
0.09461307525634766 2440.3485107421875
0.039309024810791016 2483.1591186523438
0.038924217224121094 2526.046875
0.03840804100036621 2569.0227661132812
0.0388340950012207 2610.871612548828
0.03915691375732422 2622.064666748047
0.03813505172729492 2628.2100524902344
0.038720130920410156 2630.1466369628906
0.04013705253601074 2630.670867919922
0.03865218162536621 2630.76171875
0.0400393009185791 2630.8082275390625
0.0390629768371582 2630.866668701172
0.03867292404174805 2630.9155883789062
0.038604736328125 2630.9730529785156
0.03862881660461426 2631.029998779297
0.038462162017822266 2631.0912475585938
0.04125809669494629 2631.1526489257812
0.040840864181518555 2631.2149658203125
0.21535015106201172 2631.277130126953
0.18389511108398438 2631.3394470214844
0.05596184730529785 2631.402313232422
0.04976367950439453 2631.4659118652344
0.0649268627166748 2631.5303344726562
0.04936981201171875 2631.595672607422
0.14182090759277344 2631.6620178222656
0.04134178161621094 2631.7289123535156
0.08364582061767578 2631.796417236328
0.040281057357788086 2631.8644409179688
0.040282249450683594 2631.9329528808594
0.03969383239746094 2631.98779296875
0.03867697715759277 2632.039093017578
0.03839898109436035 2632.0596313476562
0.03874397277832031 2632.0726623535156
0.03861522674560547 2632.072723388672
0.03985285758972168 2632.07275390625
0.038516998291015625 2632.0728454589844
0.03864693641662598 2632.0728454589844
0.03843522071838379 2632.0728454589844
0.03869986534118652 2632.0728149414062
0.03862810134887695 2632.07275390625
0.03869009017944336 2632.07275390625
0.0384519100189209 2632.07275390625
0.03861284255981445 2632.072723388672
0.03865981101989746 2632.07275390625
0.038741111755371094 2632.07275390625
0.0384519100189209 2632.072784423828
0.0392000675201416 2632.0728454589844
0.03875303268432617 2632.0728149414062
0.03953289985656738 2632.0728149414062
0.03975415229797363 2632.072784423828
0.03848600387573242 2632.07275390625
0.03830599784851074 2632.072723388672
0.03856301307678223 2632.072723388672
0.03862595558166504 2632.07275390625
0.038465023040771484 2632.072784423828
0.04009509086608887 2632.07275390625
0.03850603103637695 2632.07275390625
0.039868831634521484 2632.072784423828
0.03909468650817871 2632.0728149414062
0.038605690002441406 2632.0728149414062
0.03917098045349121 2632.0728454589844
0.038485050201416016 2632.072784423828
0.03923201560974121 2632.072784423828
0.038999080657958984 2632.072723388672
0.0953989028930664 2632.07275390625
0.03974127769470215 2632.07275390625
0.03919577598571777 2632.072784423828
0.039231061935424805 2632.07275390625
0.04192090034484863 2632.07275390625
0.03873300552368164 2632.07275390625
0.03883099555969238 2632.07275390625
0.039241790771484375 2632.072784423828
0.0393679141998291 2632.072784423828
0.03941988945007324 2632.0728149414062
0.0388340950012207 2632.0728454589844
0.03916788101196289 2632.0728149414062
0.03858208656311035 2632.0728149414062
0.039053916931152344 2632.072784423828
0.040477752685546875 2632.07275390625
0.0391240119934082 2632.07275390625
0.03939390182495117 2632.07275390625
0.038945674896240234 2632.07275390625
0.03926825523376465 2632.07275390625
0.03896498680114746 2632.072784423828
0.039185285568237305 2632.07275390625
0.038616180419921875 2632.07275390625
0.03963112831115723 2632.07275390625
0.0403590202331543 2632.072784423828
0.03881502151489258 2632.072784423828
0.039167165756225586 2632.07275390625
0.038668155670166016 2632.07275390625
0.03979182243347168 2632.072784423828
0.03911089897155762 2632.072784423828
0.040472984313964844 2632.0728149414062
0.03893876075744629 2632.0728149414062
0.039315223693847656 2632.072784423828
0.03908991813659668 2632.0728454589844
0.2695732116699219 2632.0728149414062
0.16836786270141602 2632.07275390625
0.04332375526428223 2632.07275390625
0.039832115173339844 2632.07275390625
0.040162086486816406 2632.07275390625
0.03911304473876953 2632.07275390625
0.03964996337890625 2632.07275390625
0.03969383239746094 2632.072784423828
0.03961586952209473 2632.072784423828
0.0400240421295166 2632.072784423828
0.039948225021362305 2632.07275390625
0.03927302360534668 2632.07275390625
0.03922104835510254 2632.07275390625
0.03885984420776367 2632.07275390625
0.039669036865234375 2632.072784423828
0.04011964797973633 2632.072784423828
0.03931903839111328 2632.0728454589844
0.039417266845703125 2632.0728454589844
0.03982090950012207 2632.0728149414062
0.03941607475280762 2632.072784423828
0.03920698165893555 2632.072784423828
0.03955411911010742 2632.07275390625
0.03934836387634277 2632.07275390625
0.039572954177856445 2632.07275390625
0.039865970611572266 2632.072723388672
0.03982806205749512 2632.072784423828
0.03980278968811035 2632.07275390625
0.03900909423828125 2632.0728149414062
0.039337873458862305 2632.0728149414062
0.03914904594421387 2632.0728149414062
0.03931283950805664 2632.0728149414062
0.03941702842712402 2632.0728454589844
0.039338111877441406 2632.07275390625
0.12015295028686523 2632.0726623535156
0.07724976539611816 2632.072723388672
0.0829169750213623 2632.0726623535156
0.04180097579956055 2632.0726623535156
0.0412600040435791 2632.0728149414062
0.039778709411621094 2632.0728759765625
0.03970003128051758 2632.0729370117188
0.0399930477142334 2632.0729064941406
0.039734840393066406 2632.0728759765625
0.039913177490234375 2632.0726928710938
0.04002881050109863 2632.072540283203
0.03945183753967285 2632.072509765625
0.03932809829711914 2632.0726318359375
0.03992509841918945 2632.0728149414062
0.0396571159362793 2632.0730895996094
0.03896808624267578 2632.073211669922
0.03908872604370117 2632.0730590820312
0.039223670959472656 2632.0726623535156
0.04003095626831055 2632.0723266601562
0.04062914848327637 2632.0720825195312
0.07354402542114258 2632.0723571777344
0.03920316696166992 2632.072998046875
0.039318084716796875 2632.0736694335938
0.04016923904418945 2632.0738525390625
0.03948402404785156 2632.073211669922
0.039083003997802734 2632.0720825195312
0.03909897804260254 2632.0711669921875
0.0391688346862793 2632.0714416503906
0.040197134017944336 2632.0729064941406
0.0391848087310791 2632.0746459960938
0.03905296325683594 2632.075164794922
0.03931593894958496 2632.073699951172
0.0390772819519043 2632.071014404297
0.040097951889038086 2632.0692749023438
0.03981828689575195 2632.0704650878906
0.039199113845825195 2632.07421875
0.03950810432434082 2632.0775146484375
0.03906106948852539 2632.0769653320312
0.03880596160888672 2632.072052001953
0.03915286064147949 2632.0665588378906
0.039460182189941406 2632.066131591797
0.03941988945007324 2632.072235107422
0.039311885833740234 2632.0804138183594
0.039449214935302734 2632.0830078125
0.03969597816467285 2632.0761108398438
0.040045976638793945 2632.064453125
0.03950095176696777 2632.0577392578125
0.03924083709716797 2632.0625915527344
0.0400843620300293 2632.076690673828
0.0391230583190918 2632.090301513672
0.03905510902404785 2632.095733642578
0.03904581069946289 2632.0901794433594
0.03904581069946289 2632.0767822265625
0.1394670009613037 2632.0616149902344
0.10260415077209473 2632.0459899902344
0.05273580551147461 2632.032257080078
0.06414103507995605 2632.0284729003906
0.0482630729675293 2632.036163330078
0.04857802391052246 2632.0547790527344
0.043467044830322266 2632.071014404297
0.04151582717895508 2632.0722045898438
0.042124032974243164 2632.056884765625
0.039926767349243164 2632.0375366210938
0.039834022521972656 2632.0287170410156
0.0397031307220459 2632.037811279297
0.0395810604095459 2632.0534057617188
0.04008603096008301 2632.0722045898438
0.03936910629272461 2632.0916442871094
0.03956890106201172 2632.1039428710938
0.03925919532775879 2632.1080322265625
0.039923906326293945 2632.1050415039062
0.03935599327087402 2632.0977783203125
0.03924417495727539 2632.090057373047
0.0393679141998291 2632.0842895507812
0.039798736572265625 2632.0792236328125
0.039845943450927734 2632.0731811523438
0.03919267654418945 2632.0655822753906
0.07129216194152832 2632.057098388672
0.039878129959106445 2632.0489807128906
0.039617061614990234 2632.042724609375
0.03922724723815918 2632.0391235351562
0.04291391372680664 2632.0389099121094
0.043144941329956055 2632.041473388672
0.039826154708862305 2632.0452575683594
0.03994274139404297 2632.0497131347656
0.04189586639404297 2632.054656982422
0.03909802436828613 2632.0601196289062
0.03971982002258301 2632.0658569335938
0.039433956146240234 2632.0718688964844
0.04018521308898926 2632.0777893066406
0.03985095024108887 2632.0833129882812
0.03958916664123535 2632.087890625
0.04876422882080078 2632.090789794922
0.04925894737243652 2632.091766357422
0.03986406326293945 2632.0906372070312
0.04217982292175293 2632.0874633789062
0.048319101333618164 2632.0824584960938
0.03974604606628418 2632.076141357422
0.04020404815673828 2632.0690002441406
0.03987002372741699 2632.062042236328
0.04249382019042969 2632.0559997558594
0.04078531265258789 2632.0518188476562
0.039810895919799805 2632.050079345703
0.03988814353942871 2632.0510864257812
0.03995013236999512 2632.0547790527344
0.04205632209777832 2632.0607299804688
0.03993701934814453 2632.0673828125
0.04008817672729492 2632.0736694335938
0.03951597213745117 2632.079071044922
0.07245492935180664 2632.0833740234375
0.04158902168273926 2632.0860900878906
0.039672136306762695 2632.086883544922
0.04004526138305664 2632.0857849121094
0.03975105285644531 2632.082977294922
0.03964114189147949 2632.0792846679688
0.041265249252319336 2632.0752563476562
0.04010605812072754 2632.0716857910156
0.04119086265563965 2632.0690002441406
0.03971600532531738 2632.0673828125
0.03974294662475586 2632.0667114257812
0.0395350456237793 2632.0665588378906
0.039494991302490234 2632.066619873047
0.03918313980102539 2632.066436767578
0.03957796096801758 2632.0656127929688
0.03931593894958496 2632.0643005371094
0.041268110275268555 2632.0625915527344
0.03968524932861328 2632.0607299804688
0.03949308395385742 2632.0594177246094
0.039591073989868164 2632.059844970703
0.03922104835510254 2632.062744140625
0.03927302360534668 2632.068084716797
0.039232730865478516 2632.0753173828125
0.03952598571777344 2632.0831298828125
0.03928995132446289 2632.0896911621094
0.03943204879760742 2632.0941467285156
0.039214134216308594 2632.0956115722656
0.21643400192260742 2632.093994140625
0.04564309120178223 2632.0892028808594
0.04116201400756836 2632.0819702148438
0.057868003845214844 2632.072998046875
0.03987288475036621 2632.0636596679688
0.03979897499084473 2632.055450439453
0.04028201103210449 2632.0494995117188
0.03928494453430176 2632.0465087890625
0.04094386100769043 2632.0466918945312
0.0397334098815918 2632.049346923828
0.03965902328491211 2632.0537109375
0.03907203674316406 2632.0592651367188
0.03881978988647461 2632.0658569335938
0.03950214385986328 2632.0731201171875
0.03868865966796875 2632.0802001953125
0.039361000061035156 2632.086395263672
0.03921222686767578 2632.0909423828125
0.039157867431640625 2632.0933532714844
0.03885006904602051 2632.0936584472656
0.038826942443847656 2632.0916748046875
0.03915762901306152 2632.0875854492188
0.03871512413024902 2632.0817260742188
0.03928399085998535 2632.0746459960938
0.03904986381530762 2632.0671997070312
0.03979897499084473 2632.0602416992188
0.03890204429626465 2632.0545654296875
0.03902292251586914 2632.051055908203
0.03979897499084473 2632.049774169922
0.03867387771606445 2632.05126953125
0.039296865463256836 2632.0547790527344
0.03982901573181152 2632.0592346191406
0.038951873779296875 2632.0646057128906
0.039057254791259766 2632.0706176757812
0.038779258728027344 2632.076904296875
0.039612770080566406 2632.0830078125
0.03938579559326172 2632.0880126953125
0.03892397880554199 2632.091339111328
0.04380679130554199 2632.0926208496094
0.03969097137451172 2632.0916442871094
0.039292097091674805 2632.0884399414062
0.03837299346923828 2632.0831909179688
0.03907608985900879 2632.0763549804688
0.049321889877319336 2632.068572998047
0.04008793830871582 2632.0609436035156
0.03920793533325195 2632.0543823242188
0.040222883224487305 2632.049835205078
0.07076811790466309 2632.0479431152344
0.04184722900390625 2632.0489501953125
0.06489276885986328 2632.053009033203
0.04744768142700195 2632.0592346191406
0.03948402404785156 2632.0662841796875
0.054225921630859375 2632.0735473632812
0.041558027267456055 2632.0805053710938
0.039190053939819336 2632.0865783691406
0.039045095443725586 2632.0909423828125
0.03917407989501953 2632.0928955078125
0.038632869720458984 2632.0921630859375
0.038475990295410156 2632.0887756347656
0.08455300331115723 2632.0834045410156
0.038194894790649414 2632.0765991210938
0.03976893424987793 2632.0694580078125
0.03889107704162598 2632.0628356933594
0.0384371280670166 2632.0575561523438
0.039875030517578125 2632.0545349121094
0.03887319564819336 2632.053985595703
0.0388798713684082 2632.0560607910156
0.03884696960449219 2632.0599060058594
0.03870892524719238 2632.0650024414062
0.040293216705322266 2632.070556640625
0.03894495964050293 2632.0750732421875
0.03844189643859863 2632.0775451660156
0.0402989387512207 2632.0780334472656
0.03864288330078125 2632.077178955078
0.038754940032958984 2632.0758666992188
0.03845620155334473 2632.0746154785156
0.040966033935546875 2632.073699951172
0.039073944091796875 2632.0733337402344
0.0417027473449707 2632.073699951172
0.038874149322509766 2632.0745849609375
0.038449764251708984 2632.0757446289062
0.038559913635253906 2632.07666015625
0.03839111328125 2632.07666015625
0.03903985023498535 2632.0755004882812
0.0396728515625 2632.0734252929688
0.0379180908203125 2632.0707397460938
0.03874778747558594 2632.06787109375
0.03878593444824219 2632.065216064453
0.03825497627258301 2632.0631408691406
0.03859090805053711 2632.0621948242188
0.03824901580810547 2632.06201171875
0.03821063041687012 2632.0623779296875
0.03806304931640625 2632.0635375976562
0.038301944732666016 2632.0658569335938
0.03920292854309082 2632.0692138671875
0.03799104690551758 2632.0730895996094
0.038278818130493164 2632.0770263671875
0.03809785842895508 2632.080596923828
0.038475990295410156 2632.0833129882812
0.038161277770996094 2632.084686279297
0.03844094276428223 2632.084442138672
0.03796982765197754 2632.0826416015625
0.037934064865112305 2632.079315185547
0.03806591033935547 2632.074920654297
0.038392066955566406 2632.0700073242188
0.03777194023132324 2632.065216064453
0.03816390037536621 2632.061065673828
0.03826189041137695 2632.0582580566406
0.03829479217529297 2632.0570373535156
0.038684844970703125 2632.0576782226562
0.038519859313964844 2632.059295654297
0.03806805610656738 2632.0616149902344
0.0382990837097168 2632.0648193359375
0.03846383094787598 2632.068878173828
0.038192033767700195 2632.0736694335938
0.038372039794921875 2632.078582763672
0.038153886795043945 2632.0830688476562
0.03803706169128418 2632.0865478515625
0.03815197944641113 2632.0885009765625
0.03792691230773926 2632.088653564453
0.038355112075805664 2632.0869140625
0.03761172294616699 2632.0831909179688
0.038420915603637695 2632.077880859375
0.03823089599609375 2632.0714721679688
0.038722991943359375 2632.064727783203
0.0377960205078125 2632.0584716796875
0.03848671913146973 2632.0535888671875
0.038123130798339844 2632.0508422851562
0.03830409049987793 2632.050567626953
0.03818511962890625 2632.0527954101562
0.03803205490112305 2632.0567932128906
0.03817892074584961 2632.0619201660156
0.03825187683105469 2632.0682067871094
0.03810262680053711 2632.0753479003906
0.03842592239379883 2632.0825805664062
0.03827190399169922 2632.0888671875
0.03814983367919922 2632.0933227539062
0.03806591033935547 2632.0953674316406
0.0377347469329834 2632.0945739746094
0.03824901580810547 2632.0907287597656
0.0384829044342041 2632.0844116210938
0.03827309608459473 2632.076171875
0.038134098052978516 2632.0669860839844
0.03794598579406738 2632.0582275390625
0.03909611701965332 2632.051055908203
0.06900787353515625 2632.0464782714844
0.03844714164733887 2632.045379638672
0.038019657135009766 2632.0477905273438
0.0388340950012207 2632.0536193847656
0.03837895393371582 2632.061737060547
0.03838491439819336 2632.070281982422
0.0378568172454834 2632.078094482422
0.03797292709350586 2632.08447265625
0.03816866874694824 2632.0890197753906
0.038667917251586914 2632.091339111328
0.0671839714050293 2632.091094970703
0.0383758544921875 2632.0884704589844
0.03819680213928223 2632.083984375
0.03801131248474121 2632.0785522460938
0.039363861083984375 2632.0726623535156
0.03841209411621094 2632.0671997070312
0.0381929874420166 2632.0625
0.04038882255554199 2632.0592041015625
0.03806185722351074 2632.057586669922
0.03804278373718262 2632.057647705078
0.03813624382019043 2632.0592041015625
0.03803610801696777 2632.0618896484375
0.038465023040771484 2632.0653381347656
0.03821611404418945 2632.0694274902344
0.07767987251281738 2632.0733337402344
0.04571890830993652 2632.076141357422
0.04021000862121582 2632.0774536132812
0.03877973556518555 2632.0777893066406
0.04552412033081055 2632.077606201172
0.03812813758850098 2632.0773315429688
0.03834819793701172 2632.076934814453
0.03848981857299805 2632.076385498047
0.0609281063079834 2632.075653076172
0.03831195831298828 2632.0746459960938
0.04856085777282715 2632.073699951172
0.03860592842102051 2632.072509765625
0.038658857345581055 2632.0711364746094
0.03825783729553223 2632.069610595703
0.038761138916015625 2632.06787109375
0.03854990005493164 2632.0663146972656
0.038300275802612305 2632.0650939941406
0.03825998306274414 2632.0645751953125
0.03823280334472656 2632.0648193359375
0.040155887603759766 2632.06591796875
0.03843808174133301 2632.067352294922
0.038658857345581055 2632.0685424804688
0.038655996322631836 2632.0694580078125
0.03846001625061035 2632.070556640625
0.03834199905395508 2632.072052001953
0.03841209411621094 2632.073974609375
0.0384221076965332 2632.0760192871094
0.039170026779174805 2632.077911376953
0.03845715522766113 2632.0794067382812
0.038503170013427734 2632.0804138183594
0.038680076599121094 2632.080596923828
0.0385279655456543 2632.079803466797
0.038384199142456055 2632.077911376953
0.03830885887145996 2632.0751037597656
0.03865408897399902 2632.071502685547
0.03822803497314453 2632.0676879882812
0.03856492042541504 2632.0640258789062
0.038346052169799805 2632.0609741210938
0.038218021392822266 2632.0589599609375
0.03841686248779297 2632.0584106445312
0.03866004943847656 2632.059051513672
0.03814888000488281 2632.0604248046875
0.03810405731201172 2632.0625915527344
0.03826785087585449 2632.0657958984375
0.04159688949584961 2632.0701599121094
0.03948688507080078 2632.0753173828125
0.0385439395904541 2632.0806884765625
0.038027048110961914 2632.0855102539062
0.03876996040344238 2632.089141845703
0.03843212127685547 2632.0909118652344
0.03835797309875488 2632.0904846191406
0.03872370719909668 2632.087677001953
0.038475990295410156 2632.0826416015625
0.03805994987487793 2632.0757446289062
0.03835487365722656 2632.0678100585938
0.03830099105834961 2632.059814453125
0.03835606575012207 2632.0530395507812
0.03834891319274902 2632.04833984375
0.03821301460266113 2632.0465698242188
0.03866291046142578 2632.0480346679688
0.03908801078796387 2632.052459716797
0.03821921348571777 2632.0587463378906
0.06832528114318848 2632.06640625
0.03832602500915527 2632.07470703125
0.03951001167297363 2632.0828857421875
0.03830695152282715 2632.0899658203125
0.03773164749145508 2632.094970703125
0.03827023506164551 2632.0972290039062
0.038252830505371094 2632.0963134765625
0.038169145584106445 2632.0923461914062
0.03823995590209961 2632.0858154296875
0.03813600540161133 2632.0775146484375
0.0380706787109375 2632.0684814453125
0.0382227897644043 2632.0599975585938
0.03785538673400879 2632.0528564453125
0.038684844970703125 2632.0480346679688
0.03851604461669922 2632.0463256835938
0.03821206092834473 2632.0477600097656
0.038229942321777344 2632.05224609375
0.03992176055908203 2632.0589904785156
0.03822493553161621 2632.066925048828
0.03798675537109375 2632.074432373047
0.0380861759185791 2632.0806579589844
0.03831791877746582 2632.085418701172
0.03792309761047363 2632.0885009765625
0.03812813758850098 2632.089813232422
0.03795599937438965 2632.089111328125
0.03870701789855957 2632.0865783691406
0.03825998306274414 2632.0829162597656
0.03810882568359375 2632.0783081054688
0.03845977783203125 2632.0733947753906
0.06586885452270508 2632.0685119628906
0.038617849349975586 2632.0640563964844
0.03827190399169922 2632.0604858398438
0.03870820999145508 2632.05810546875
0.03844094276428223 2632.0571899414062
0.037956953048706055 2632.0577392578125
0.038439273834228516 2632.0596313476562
0.03807806968688965 2632.0626525878906
0.038555145263671875 2632.0665893554688
0.03900504112243652 2632.0709533691406
0.037902116775512695 2632.0745849609375
0.0377957820892334 2632.0769653320312
0.03849506378173828 2632.0785217285156
0.03840303421020508 2632.0792236328125
0.03880786895751953 2632.079559326172
0.03815603256225586 2632.079376220703
0.038461923599243164 2632.0787963867188
0.037986040115356445 2632.0777587890625
0.03879809379577637 2632.076416015625
0.03806710243225098 2632.074920654297
0.03867173194885254 2632.073272705078
0.03814077377319336 2632.071502685547
0.03792691230773926 2632.0697021484375
0.03775501251220703 2632.06787109375
0.03816699981689453 2632.0662536621094
0.03802967071533203 2632.0648803710938
0.038715362548828125 2632.064208984375
0.03849601745605469 2632.0640563964844
0.038568973541259766 2632.0646057128906
0.03960394859313965 2632.0657348632812
0.038453102111816406 2632.0668029785156
0.03853487968444824 2632.0675354003906
0.03861522674560547 2632.068389892578
0.03841829299926758 2632.06982421875
0.038307905197143555 2632.0718688964844
0.03786587715148926 2632.074462890625
0.038366079330444336 2632.0772705078125
0.03788590431213379 2632.080078125
0.03791189193725586 2632.0823974609375
0.03837418556213379 2632.083953857422
0.03780078887939453 2632.084228515625
0.03789091110229492 2632.082977294922
0.037950992584228516 2632.0801696777344
0.03783607482910156 2632.075958251953
0.03937792778015137 2632.070770263672
0.03782320022583008 2632.065155029297
0.037770986557006836 2632.0597534179688
0.037786006927490234 2632.0555114746094
0.03890800476074219 2632.052947998047
0.03787493705749512 2632.052764892578
0.037904977798461914 2632.054443359375
0.03805398941040039 2632.0574951171875
0.03773903846740723 2632.0621337890625
0.03785395622253418 2632.068328857422
0.037776947021484375 2632.075439453125
0.03781890869140625 2632.082763671875
0.03774285316467285 2632.0891723632812
0.03790783882141113 2632.09375
0.03828096389770508 2632.0958251953125
0.06746292114257812 2632.0951232910156
0.038667917251586914 2632.0914306640625
0.03784513473510742 2632.0851440429688
0.038327932357788086 2632.0767822265625
0.03916788101196289 2632.0675048828125
0.03832507133483887 2632.0585021972656
0.03839111328125 2632.051025390625
0.03770184516906738 2632.0459899902344
0.03835701942443848 2632.044158935547
0.0378570556640625 2632.0458068847656
0.03853106498718262 2632.05078125
0.0386049747467041 2632.0581665039062
0.0382080078125 2632.066436767578
0.03767204284667969 2632.074737548828
0.038269996643066406 2632.082305908203
0.03868508338928223 2632.088623046875
0.03974294662475586 2632.09326171875
0.037744998931884766 2632.0953369140625
0.038468122482299805 2632.0947265625
0.041870832443237305 2632.0916137695312
0.03825998306274414 2632.086212158203
0.03838086128234863 2632.079559326172
0.038301944732666016 2632.0722045898438
0.038342952728271484 2632.064971923828
0.03854179382324219 2632.0584716796875
0.03782820701599121 2632.0535583496094
0.03837394714355469 2632.0505981445312
0.038147926330566406 2632.05029296875
0.038474082946777344 2632.0523376464844
0.03810405731201172 2632.0564880371094
0.08137989044189453 2632.062255859375
0.038298845291137695 2632.0687866210938
0.038388967514038086 2632.0747680664062
0.03809094429016113 2632.079559326172
0.038683176040649414 2632.0830688476562
0.03854799270629883 2632.0852966308594
0.038114070892333984 2632.0861206054688
0.06289100646972656 2632.0855407714844
0.040567874908447266 2632.083740234375
0.03853797912597656 2632.0811462402344
0.04073596000671387 2632.0777587890625
0.04226398468017578 2632.0741271972656
0.03812980651855469 2632.0704650878906
0.03832602500915527 2632.067138671875
0.037802934646606445 2632.0643310546875
0.03983712196350098 2632.0623474121094
0.06754589080810547 2632.061248779297
0.03848004341125488 2632.0611267089844
0.03825497627258301 2632.06201171875
0.03806710243225098 2632.063690185547
0.03805279731750488 2632.0660705566406
0.038574934005737305 2632.069091796875
0.03833484649658203 2632.071502685547
0.0378880500793457 2632.072998046875
0.03796887397766113 2632.0737915039062
0.03824305534362793 2632.0743103027344
0.03814411163330078 2632.0748901367188
0.03818225860595703 2632.0756225585938
0.03778195381164551 2632.0763244628906
0.03797292709350586 2632.0770263671875
0.03879809379577637 2632.07763671875
0.03807425498962402 2632.078125
0.03828096389770508 2632.078338623047
0.03823590278625488 2632.077911376953
0.038436174392700195 2632.076690673828
0.03815913200378418 2632.07470703125
0.0384521484375 2632.0719299316406
0.03813290596008301 2632.0687561035156
0.038127899169921875 2632.0655212402344
0.038472890853881836 2632.0624389648438
0.037786006927490234 2632.0601196289062
0.038130998611450195 2632.0588989257812
0.038390159606933594 2632.058807373047
0.03838491439819336 2632.0594787597656
0.037944793701171875 2632.0611572265625
0.03911995887756348 2632.0641479492188
0.038500070571899414 2632.0685119628906
0.03817915916442871 2632.073944091797
0.03803586959838867 2632.079803466797
0.03858137130737305 2632.0852966308594
0.03819417953491211 2632.089599609375
0.038394927978515625 2632.092071533203
0.03823423385620117 2632.0921936035156
0.03806185722351074 2632.089874267578
0.038526058197021484 2632.0851135253906
0.03841114044189453 2632.0783081054688
0.03833198547363281 2632.070281982422
0.06708383560180664 2632.0619506835938
0.03860306739807129 2632.054473876953
0.038317203521728516 2632.049072265625
0.03976774215698242 2632.0462646484375
0.038545846939086914 2632.046600341797
0.03820681571960449 2632.0501098632812
0.03806471824645996 2632.055877685547
0.038372039794921875 2632.06298828125
0.038109779357910156 2632.0709533691406
0.038317203521728516 2632.079071044922
0.0414881706237793 2632.0864868164062
0.04074406623840332 2632.09228515625
0.04075789451599121 2632.0958862304688
0.03954195976257324 2632.0967712402344
0.03845930099487305 2632.094757080078
0.03939676284790039 2632.090087890625
0.08698701858520508 2632.083465576172
0.0651237964630127 2632.075469970703
0.05056619644165039 2632.067169189453
0.052228689193725586 2632.0594177246094
0.049726009368896484 2632.0530700683594
0.05848813056945801 2632.0489501953125
0.04857277870178223 2632.0474243164062
0.041029930114746094 2632.0487365722656
0.08967208862304688 2632.0528259277344
0.055963754653930664 2632.059051513672
0.04842019081115723 2632.0662841796875
0.05193018913269043 2632.0731811523438
0.042340755462646484 2632.0792236328125
0.05483698844909668 2632.083953857422
0.05609440803527832 2632.0872802734375
0.05077099800109863 2632.0889892578125
0.04859113693237305 2632.0888671875
0.04858803749084473 2632.0870361328125
0.04985308647155762 2632.0838012695312
0.053099870681762695 2632.0797424316406
0.061885833740234375 2632.075164794922
0.04242992401123047 2632.070526123047
0.040406227111816406 2632.066162109375
0.0451509952545166 2632.0626220703125
0.04001927375793457 2632.0601806640625
0.05209088325500488 2632.0589599609375
0.0549311637878418 2632.0590209960938
0.059606075286865234 2632.0602416992188
0.05084419250488281 2632.0625610351562
0.05576443672180176 2632.065643310547
0.05228018760681152 2632.0692443847656
0.05440521240234375 2632.0724182128906
0.04603123664855957 2632.0745544433594
0.04639911651611328 2632.075653076172
0.04173994064331055 2632.0761108398438
0.03940010070800781 2632.0763244628906
0.061953067779541016 2632.0763244628906
0.0553591251373291 2632.076416015625
0.03916811943054199 2632.076416015625
0.10803389549255371 2632.0764770507812
0.049848079681396484 2632.0764770507812
0.0548548698425293 2632.0765380859375
0.04121708869934082 2632.0763244628906
0.053056955337524414 2632.0757446289062
0.047309160232543945 2632.074676513672
0.05034303665161133 2632.0728454589844
0.04857587814331055 2632.070587158203
0.05026984214782715 2632.0680236816406
0.04761505126953125 2632.0654296875
0.04802894592285156 2632.0631408691406
0.04182577133178711 2632.0613708496094
0.0713801383972168 2632.0606689453125
0.048048973083496094 2632.060546875
0.0560760498046875 2632.0611572265625
0.051844120025634766 2632.062713623047
0.04728078842163086 2632.0655822753906
0.04881620407104492 2632.0696411132812
0.04918813705444336 2632.0746154785156
0.0426480770111084 2632.0799865722656
0.05687880516052246 2632.0848999023438
0.0402829647064209 2632.0887451171875
0.04004669189453125 2632.0908813476562
0.03913378715515137 2632.0909118652344
0.03880190849304199 2632.088623046875
0.039077043533325195 2632.084197998047
0.03890800476074219 2632.077850341797
0.0390629768371582 2632.070343017578
0.04207801818847656 2632.062530517578
0.039784908294677734 2632.0555114746094
0.0390629768371582 2632.050323486328
0.07369112968444824 2632.0475158691406
0.06971096992492676 2632.0475463867188
0.0426630973815918 2632.0506591796875
0.03977704048156738 2632.055908203125
0.03949713706970215 2632.0625610351562
0.039528846740722656 2632.070098876953
0.03930377960205078 2632.0779418945312
0.044049978256225586 2632.0852661132812
0.04039406776428223 2632.0911560058594
0.039132118225097656 2632.095001220703
0.04213285446166992 2632.096221923828
0.039487361907958984 2632.094696044922
0.039813995361328125 2632.0906372070312
0.04668092727661133 2632.084503173828
0.044327735900878906 2632.0769958496094
0.04213595390319824 2632.0690002441406
0.04201030731201172 2632.0614318847656
0.039791107177734375 2632.0550842285156
0.03922104835510254 2632.0506591796875
0.03916120529174805 2632.0486450195312
0.03940010070800781 2632.0494995117188
0.03879117965698242 2632.052764892578
0.039025068283081055 2632.05810546875
0.0388789176940918 2632.06494140625
0.0385899543762207 2632.071746826172
0.038529157638549805 2632.0775756835938
0.039031028747558594 2632.082244873047
0.039119720458984375 2632.085479736328
0.038620948791503906 2632.087158203125
0.03931593894958496 2632.0872802734375
0.03905797004699707 2632.0858764648438
0.039008140563964844 2632.0831909179688
0.03914904594421387 2632.0797729492188
0.04505205154418945 2632.075927734375
0.03863406181335449 2632.0720825195312
0.03897500038146973 2632.068572998047
0.04311871528625488 2632.0658264160156
0.03983306884765625 2632.0637817382812
0.03920698165893555 2632.0626831054688
0.0804750919342041 2632.062469482422
0.04159212112426758 2632.0630493164062
0.039225101470947266 2632.064178466797
0.03873610496520996 2632.0658569335938
0.03938007354736328 2632.0678100585938
0.04045701026916504 2632.0699462890625
0.03900504112243652 2632.0714721679688
0.038829803466796875 2632.0721130371094
0.03880000114440918 2632.0722045898438
0.03954887390136719 2632.0721435546875
0.039173126220703125 2632.0723876953125
0.0395810604095459 2632.0731201171875
0.05794978141784668 2632.0741271972656
0.05493283271789551 2632.075469970703
0.07170796394348145 2632.0770263671875
0.062233924865722656 2632.078643798828
0.04503607749938965 2632.0799865722656
0.052968740463256836 2632.0807189941406
0.05490517616271973 2632.0804748535156
0.05784296989440918 2632.079071044922
0.050199031829833984 2632.0765991210938
0.04920697212219238 2632.0731201171875
0.049719810485839844 2632.069091796875
0.04755282402038574 2632.0648193359375
0.04666876792907715 2632.0608520507812
0.046488046646118164 2632.0577697753906
0.04797482490539551 2632.0560607910156
0.04583597183227539 2632.0560607910156
0.0489652156829834 2632.0571899414062
0.05475497245788574 2632.0597534179688
0.04234790802001953 2632.0636291503906
0.0452728271484375 2632.0690307617188
0.04031801223754883 2632.075225830078
0.04017806053161621 2632.0816040039062
0.039372920989990234 2632.0872497558594
0.038754940032958984 2632.0914306640625
0.03913378715515137 2632.0936889648438
0.03902411460876465 2632.0936279296875
0.0401310920715332 2632.091033935547
0.03873705863952637 2632.086181640625
0.03848886489868164 2632.0794982910156
0.03920602798461914 2632.0716857910156
0.03904414176940918 2632.0635986328125
0.03846311569213867 2632.056396484375
0.05543327331542969 2632.050811767578
0.0471341609954834 2632.047607421875
0.04822826385498047 2632.047149658203
0.1702892780303955 2632.0496826171875
0.05928778648376465 2632.0547790527344
0.05435585975646973 2632.061553955078
0.04118990898132324 2632.068817138672
0.03968405723571777 2632.075958251953
0.03949594497680664 2632.0824279785156
0.03896021842956543 2632.0875244140625
0.03928208351135254 2632.0910034179688
0.039071083068847656 2632.0922241210938
0.039057016372680664 2632.0912170410156
0.04035806655883789 2632.0882263183594
0.03948497772216797 2632.0836791992188
0.038763999938964844 2632.078338623047
0.03833603858947754 2632.0726013183594
0.03871488571166992 2632.0673217773438
0.038503170013427734 2632.0628356933594
0.03848385810852051 2632.0595703125
0.03834176063537598 2632.0579223632812
0.03802895545959473 2632.057861328125
0.03858685493469238 2632.0592346191406
0.03853487968444824 2632.061737060547
0.03869199752807617 2632.06494140625
0.03773999214172363 2632.068389892578
0.03888106346130371 2632.0718994140625
0.04283285140991211 2632.0745544433594
0.038954973220825195 2632.0760192871094
0.038282155990600586 2632.076385498047
0.03826308250427246 2632.0759887695312
0.04912400245666504 2632.0753173828125
0.04732203483581543 2632.074737548828
0.08140707015991211 2632.0743103027344
0.05804181098937988 2632.074188232422
0.20416474342346191 2632.074493408203
0.04178786277770996 2632.075164794922
0.03978705406188965 2632.076171875
0.039942026138305664 2632.077178955078
0.03989076614379883 2632.0779418945312
0.03984475135803223 2632.0780029296875
0.03938698768615723 2632.0772399902344
0.03974127769470215 2632.0755310058594
0.03916788101196289 2632.0730590820312
0.03939509391784668 2632.0700073242188
0.03898000717163086 2632.0665588378906
0.039175987243652344 2632.063232421875
0.03913521766662598 2632.0603637695312
0.03939199447631836 2632.058624267578
0.03917288780212402 2632.0580444335938
0.03925895690917969 2632.058624267578
0.03947710990905762 2632.0603942871094
0.03844881057739258 2632.0635375976562
0.039628028869628906 2632.068084716797
0.0388798713684082 2632.073516845703
0.0396270751953125 2632.0792846679688
0.039167165756225586 2632.0846557617188
0.03882598876953125 2632.0890502929688
0.0389859676361084 2632.0917053222656
0.03866910934448242 2632.092498779297
0.04087495803833008 2632.091094970703
0.039064884185791016 2632.087646484375
0.03879809379577637 2632.0823669433594
0.038712263107299805 2632.0757446289062
0.039112091064453125 2632.0684814453125
0.03883218765258789 2632.0615234375
0.03867602348327637 2632.0556030273438
0.039398908615112305 2632.051483154297
0.03938484191894531 2632.049560546875
0.0388338565826416 2632.0499877929688
0.04103398323059082 2632.0528869628906
0.038598060607910156 2632.057891845703
0.039029836654663086 2632.064239501953
0.038719892501831055 2632.0708618164062
0.03910207748413086 2632.077178955078
0.03853583335876465 2632.0827026367188
0.03876471519470215 2632.0869140625
0.03852415084838867 2632.0895385742188
0.03873300552368164 2632.090118408203
0.03863120079040527 2632.088836669922
0.03870105743408203 2632.0858764648438
0.03882288932800293 2632.0817260742188
0.03877520561218262 2632.0770874023438
0.03868532180786133 2632.0724487304688
0.03980278968811035 2632.068359375
0.03989887237548828 2632.065155029297
0.03869009017944336 2632.0631713867188
0.039037227630615234 2632.0625
0.03873085975646973 2632.06298828125
0.03867697715759277 2632.0643310546875
0.03864598274230957 2632.0662841796875
0.06859612464904785 2632.0682678222656
0.03836202621459961 2632.0701904296875
0.03835582733154297 2632.0715942382812
0.03842425346374512 2632.0723876953125
0.038279056549072266 2632.072540283203
0.03825211524963379 2632.07177734375
0.03910112380981445 2632.070556640625
0.03856825828552246 2632.0694274902344
0.03955197334289551 2632.0689392089844
0.03834700584411621 2632.0692749023438
0.03844308853149414 2632.0704650878906
0.0383758544921875 2632.072540283203
0.03822898864746094 2632.075408935547
0.03882122039794922 2632.0785522460938
0.03818511962890625 2632.0816345214844
0.038024187088012695 2632.0841369628906
0.03879094123840332 2632.0855712890625
0.03817176818847656 2632.0856018066406
0.03857779502868652 2632.0841369628906
0.038008689880371094 2632.081085205078
0.06589698791503906 2632.076690673828
0.038413047790527344 2632.0713806152344
0.038387298583984375 2632.065704345703
0.039270877838134766 2632.0603942871094
0.03835105895996094 2632.0562438964844
0.0385739803314209 2632.0536193847656
0.03849482536315918 2632.0528869628906
0.040581703186035156 2632.05419921875
0.03804206848144531 2632.0574645996094
0.03846120834350586 2632.062286376953
0.040315866470336914 2632.068084716797
0.04878091812133789 2632.074493408203
0.038606882095336914 2632.0806274414062
0.03966116905212402 2632.085906982422
0.04119610786437988 2632.089813232422
0.03838300704956055 2632.0918579101562
0.08448386192321777 2632.0919494628906
0.038804054260253906 2632.0900268554688
0.04021096229553223 2632.0863342285156
0.04313969612121582 2632.0814514160156
0.04118514060974121 2632.075958251953
0.03855395317077637 2632.070526123047
0.03826308250427246 2632.0657348632812
0.038478851318359375 2632.062042236328
0.038290977478027344 2632.0597534179688
0.03829598426818848 2632.0589599609375
0.0381770133972168 2632.0598754882812
0.03822898864746094 2632.062042236328
0.03801226615905762 2632.0650634765625
0.03836202621459961 2632.0684814453125
0.038519859313964844 2632.0718688964844
0.03835701942443848 2632.0746459960938
0.038352012634277344 2632.07666015625
0.038411855697631836 2632.0775756835938
