0.04647397994995117 1564.5418243408203
0.03441500663757324 1600.5299530029297
0.03495001792907715 1638.7943725585938
0.0341181755065918 1677.097900390625
0.08879995346069336 1715.1073608398438
0.03489804267883301 1752.9223937988281
0.033928871154785156 1790.7409057617188
0.03389382362365723 1828.5689392089844
0.03416776657104492 1866.4276428222656
0.03408217430114746 1904.3269653320312
0.03390312194824219 1942.2734680175781
0.033804893493652344 1980.2497863769531
0.033986806869506836 2018.2737731933594
0.033804893493652344 2056.3458557128906
0.03381991386413574 2094.468017578125
0.03407406806945801 2132.6050720214844
0.0336611270904541 2170.686553955078
0.0337831974029541 2208.7667236328125
0.03365898132324219 2246.894317626953
0.033786773681640625 2283.828338623047
0.03437995910644531 2291.397430419922
0.03438091278076172 2295.5474548339844
0.03366804122924805 2296.4861755371094
0.03988218307495117 2296.5994567871094
0.03434920310974121 2296.671630859375
0.03414297103881836 2296.745330810547
0.035166025161743164 2296.815887451172
0.0345149040222168 2296.8898315429688
0.03423428535461426 2296.9647216796875
0.03365516662597656 2297.0418395996094
0.034011125564575195 2297.119598388672
0.03441286087036133 2297.198028564453
0.03429102897644043 2297.2767639160156
0.03376007080078125 2297.3560791015625
0.03443193435668945 2297.4362182617188
0.034001827239990234 2297.5169982910156
0.03399920463562012 2297.593536376953
0.03403902053833008 2297.664520263672
0.03380727767944336 2297.737823486328
0.03482389450073242 2297.8158264160156
0.03507375717163086 2297.8916015625
0.03397083282470703 2297.944610595703
0.03807783126831055 2297.9698181152344
0.03439688682556152 2297.9751586914062
0.03400087356567383 2297.9782104492188
0.034021854400634766 2297.9812927246094
0.0591580867767334 2297.9840087890625
0.034445762634277344 2297.9866333007812
0.033966779708862305 2297.9891357421875
0.03393912315368652 2297.9918518066406
0.033855438232421875 2297.992950439453
0.03884696960449219 2297.9908142089844
0.033921003341674805 2297.9886169433594
0.03376579284667969 2297.989715576172
0.03397512435913086 2297.9920349121094
0.03419327735900879 2297.991912841797
0.033907175064086914 2297.9899291992188
0.034017086029052734 2297.9891357421875
0.034681081771850586 2297.9906311035156
0.034645795822143555 2297.9920959472656
0.03426194190979004 2297.9913330078125
0.03429675102233887 2297.989532470703
0.06428217887878418 2297.9890747070312
0.03374505043029785 2297.9903564453125
0.03366804122924805 2297.9918518066406
0.03449225425720215 2297.99169921875
0.03421807289123535 2297.9900512695312
0.03398299217224121 2297.9889526367188
0.03382420539855957 2297.9896545410156
0.034236907958984375 2297.991424560547
0.03375506401062012 2297.992431640625
0.034407854080200195 2297.9915161132812
0.03455805778503418 2297.989715576172
0.034070730209350586 2297.988555908203
0.03406381607055664 2297.9893493652344
0.03418684005737305 2297.9913635253906
0.034149169921875 2297.9927368164062
0.034364938735961914 2297.992156982422
0.03458404541015625 2297.9901123046875
0.033969879150390625 2297.9881286621094
0.03364896774291992 2297.9879150390625
0.03435015678405762 2297.9898376464844
0.03388500213623047 2297.9924926757812
0.03383612632751465 2297.9940185546875
0.034249067306518555 2297.9932250976562
0.035759925842285156 2297.9903869628906
0.03544878959655762 2297.9873962402344
0.03455495834350586 2297.9862060546875
0.034189701080322266 2297.98779296875
0.03412818908691406 2297.9913635253906
0.03431200981140137 2297.994842529297
0.034110069274902344 2297.9961547851562
0.03380584716796875 2297.994354248047
0.03416609764099121 2297.9901123046875
0.033653974533081055 2297.9854736328125
0.033815860748291016 2297.9830932617188
0.03457379341125488 2297.984100341797
0.03478503227233887 2297.9886474609375
0.03425097465515137 2297.994659423828
0.03384804725646973 2297.9994201660156
0.0338592529296875 2298.0005798339844
0.033844947814941406 2297.9972229003906
0.03483295440673828 2297.9903869628906
0.03372812271118164 2297.9827270507812
0.03382706642150879 2297.9776916503906
0.03355097770690918 2297.977752685547
0.034010887145996094 2297.9832458496094
0.033863067626953125 2297.992156982422
0.03371286392211914 2298.0005798339844
0.03371906280517578 2298.005828857422
0.033850908279418945 2298.0052795410156
0.033895015716552734 2297.998291015625
0.03371286392211914 2297.9867248535156
0.0339052677154541 2297.97509765625
0.03374195098876953 2297.969024658203
0.06154489517211914 2297.971893310547
0.03528904914855957 2297.982635498047
0.03358888626098633 2297.995086669922
0.03390192985534668 2298.0054626464844
0.03397393226623535 2298.0106811523438
0.03408002853393555 2298.0069580078125
0.03384089469909668 2297.9944763183594
0.03396201133728027 2297.9778442382812
0.03440999984741211 2297.9656982421875
0.03349614143371582 2297.965606689453
0.033782005310058594 2297.9773559570312
0.03411293029785156 2297.9917602539062
0.03336906433105469 2298.0037841796875
0.033406972885131836 2298.011260986328
0.0344541072845459 2298.0081176757812
0.0353999137878418 2297.9942321777344
0.034362077713012695 2297.9758911132812
0.03410816192626953 2297.9642333984375
0.0335993766784668 2297.967559814453
0.07218790054321289 2297.983184814453
0.03667616844177246 2297.9991760253906
0.03486299514770508 2298.0106811523438
0.03407621383666992 2298.011444091797
0.033968210220336914 2297.998504638672
0.033924102783203125 2297.978302001953
0.03380703926086426 2297.9640502929688
0.03394317626953125 2297.9666748046875
0.03504776954650879 2297.9840698242188
0.03492379188537598 2298.002166748047
0.033782958984375 2298.0130920410156
0.03372907638549805 2298.0099182128906
0.03387594223022461 2297.9920043945312
0.03363204002380371 2297.9706115722656
0.03387284278869629 2297.9620361328125
0.033686161041259766 2297.9747924804688
0.03366494178771973 2297.9978942871094
0.03368711471557617 2298.0111694335938
0.03379321098327637 2298.011260986328
0.033892154693603516 2297.9947509765625
0.03495597839355469 2297.972930908203
0.03367900848388672 2297.963409423828
0.033850669860839844 2297.9759216308594
0.03488922119140625 2297.999481201172
0.0337529182434082 2298.0130920410156
0.03393697738647461 2298.0101318359375
0.03362679481506348 2297.989959716797
0.03369712829589844 2297.9681396484375
0.03362703323364258 2297.9639587402344
0.03381800651550293 2297.98291015625
0.033820152282714844 2298.008087158203
0.0338129997253418 2298.0167846679688
0.03377103805541992 2298.0030212402344
0.03389096260070801 2297.97607421875
0.033982038497924805 2297.960418701172
0.033761024475097656 2297.9725036621094
0.03386187553405762 2298.000244140625
0.0341801643371582 2298.0161743164062
0.033822059631347656 2298.0097045898438
0.03483319282531738 2297.983612060547
0.03393220901489258 2297.9623413085938
0.03374600410461426 2297.9682006835938
0.03354978561401367 2297.995086669922
0.03360795974731445 2298.0155639648438
0.0338129997253418 2298.0127563476562
0.03408384323120117 2297.986297607422
0.03392791748046875 2297.9622497558594
0.03390192985534668 2297.9668884277344
0.03385519981384277 2297.9956970214844
0.033640146255493164 2298.0181884765625
0.034317731857299805 2298.0126037597656
0.03374886512756348 2297.9820556640625
0.03409314155578613 2297.9590454101562
0.03385305404663086 2297.9706115722656
0.03394818305969238 2298.0031127929688
0.0338592529296875 2298.0189208984375
0.033599853515625 2298.0038146972656
0.03363204002380371 2297.9723205566406
0.034587860107421875 2297.960968017578
0.034503936767578125 2297.984588623047
0.03380322456359863 2298.0162658691406
0.033879995346069336 2298.0174865722656
0.03354597091674805 2297.9857482910156
0.03394317626953125 2297.9586181640625
0.03370499610900879 2297.9703979492188
0.033614158630371094 2298.0062255859375
0.03406190872192383 2298.020782470703
0.03358626365661621 2297.9978637695312
0.03392672538757324 2297.9650268554688
0.03355121612548828 2297.964599609375
0.03373289108276367 2297.9979248046875
0.06133103370666504 2298.021942138672
0.03363490104675293 2298.0048828125
0.03371405601501465 2297.9683837890625
0.03407883644104004 2297.961151123047
0.0338740348815918 2297.9935607910156
0.03400921821594238 2298.0221557617188
0.03429579734802246 2298.007568359375
0.03394889831542969 2297.9693908691406
0.03388500213623047 2297.960662841797
0.03393197059631348 2297.99365234375
0.03396892547607422 2298.022186279297
0.034055233001708984 2298.0057373046875
0.03393673896789551 2297.9678955078125
0.034169912338256836 2297.9629516601562
0.03386807441711426 2297.9977111816406
0.033744096755981445 2298.021453857422
0.03416013717651367 2298.0
0.03382134437561035 2297.9652404785156
0.03366971015930176 2297.968231201172
0.033805131912231445 2298.0037841796875
0.03390312194824219 2298.0189208984375
0.033843040466308594 2297.991943359375
0.03446221351623535 2297.9636840820312
0.0350189208984375 2297.9759521484375
0.034287214279174805 2298.0093383789062
0.03460502624511719 2298.0138549804688
0.03454709053039551 2297.9837036132812
0.03424406051635742 2297.964630126953
0.03391098976135254 2297.984619140625
0.03369593620300293 2298.0126953125
0.033927202224731445 2298.007080078125
0.033859968185424805 2297.9772338867188
0.0336298942565918 2297.9680786132812
0.03429913520812988 2297.9923706054688
0.03394603729248047 2298.0132446289062
0.03347301483154297 2298.0000915527344
0.034065961837768555 2297.9732971191406
0.033724069595336914 2297.97265625
0.03397512435913086 2297.9982299804688
0.03357505798339844 2298.011932373047
0.03352499008178711 2297.994110107422
0.03372788429260254 2297.9715576171875
0.03378701210021973 2297.97705078125
0.03409576416015625 2298.001953125
0.033650875091552734 2298.0098876953125
0.0352778434753418 2297.9898376464844
0.0605010986328125 2297.971160888672
0.05911993980407715 2297.98046875
0.05141115188598633 2298.0040283203125
0.04304790496826172 2298.0081787109375
0.04218792915344238 2297.9872436523438
0.05968785285949707 2297.9712524414062
0.04838991165161133 2297.9825134277344
0.039235830307006836 2298.0050048828125
0.03889203071594238 2298.0072326660156
0.25275492668151855 2297.9861755371094
0.03859901428222656 2297.9712829589844
0.034960031509399414 2297.983123779297
0.03481698036193848 2298.0052795410156
0.03503298759460449 2298.0072631835938
0.03472113609313965 2297.986328125
0.03515219688415527 2297.9710083007812
0.0349118709564209 2297.982177734375
0.037119150161743164 2298.004913330078
0.03825807571411133 2298.0084228515625
0.03632092475891113 2297.987823486328
0.10564899444580078 2297.9705810546875
0.03691601753234863 2297.979949951172
0.03522920608520508 2298.0037231445312
0.03505110740661621 2298.01025390625
0.03428816795349121 2297.9906616210938
0.03511810302734375 2297.9703979492188
0.034681081771850586 2297.976531982422
0.03454899787902832 2298.001434326172
0.03445720672607422 2298.012451171875
0.03583097457885742 2297.9947509765625
0.03491497039794922 2297.9710083007812
0.03469514846801758 2297.972381591797
0.03469491004943848 2297.9978637695312
0.03564190864562988 2298.014373779297
0.034594058990478516 2298.0
0.034616947174072266 2297.972686767578
0.034915924072265625 2297.9682006835938
0.0345001220703125 2297.9930725097656
0.03449225425720215 2298.015380859375
0.03631997108459473 2298.0055541992188
0.03850221633911133 2297.9755249023438
0.03517508506774902 2297.964599609375
0.03436422348022461 2297.987823486328
0.03496193885803223 2298.015350341797
0.03430986404418945 2298.0106811523438
0.03463602066040039 2297.9789428710938
0.0346989631652832 2297.9620056152344
0.03438305854797363 2297.9829711914062
0.034388065338134766 2298.0146484375
0.03452491760253906 2298.0145568847656
0.0343480110168457 2297.9818725585938
0.034697771072387695 2297.9603271484375
0.03489375114440918 2297.979705810547
0.03484606742858887 2298.0142517089844
0.034734249114990234 2298.0166931152344
0.03425407409667969 2297.9830322265625
0.03442716598510742 2297.9593505859375
0.03450202941894531 2297.978973388672
0.03502511978149414 2298.0149841308594
0.03503012657165527 2298.016815185547
0.03477287292480469 2297.9815673828125
0.03456616401672363 2297.959014892578
0.03428459167480469 2297.9813537597656
0.03496289253234863 2298.0167541503906
0.06533694267272949 2298.014434814453
0.034822940826416016 2297.977783203125
0.034847259521484375 2297.9598693847656
0.0345611572265625 2297.9866943359375
0.03463292121887207 2298.018798828125
0.03499794006347656 2298.00927734375
0.03486204147338867 2297.9725646972656
0.0356290340423584 2297.9627990722656
0.034570932388305664 2297.994110107422
0.04488325119018555 2298.019500732422
0.03490090370178223 2298.001708984375
0.042034149169921875 2297.967803955078
0.03667116165161133 2297.9684448242188
0.03493905067443848 2298.0018615722656
0.03580522537231445 2298.017608642578
0.03438425064086914 2297.9927673339844
0.034668684005737305 2297.9652404785156
0.03438997268676758 2297.9761352539062
0.03487062454223633 2298.0081787109375
0.05121111869812012 2298.0130920410156
0.03512406349182129 2297.9843139648438
0.03530693054199219 2297.965576171875
0.03465080261230469 2297.9844360351562
0.0352330207824707 2298.0118408203125
0.034915924072265625 2298.0068969726562
0.03481793403625488 2297.977813720703
0.03487110137939453 2297.9683837890625
0.03507375717163086 2297.9920349121094
0.03561878204345703 2298.012939453125
0.03474307060241699 2298.0003356933594
0.03488898277282715 2297.9735717773438
0.034687042236328125 2297.972412109375
0.03534579277038574 2297.9979858398438
0.034887075424194336 2298.0121154785156
0.03480124473571777 2297.9944458007812
0.047231197357177734 2297.971405029297
0.03635883331298828 2297.9766540527344
0.03508400917053223 2298.0020751953125
0.03700709342956543 2298.0103454589844
0.03505086898803711 2297.9898681640625
0.03502631187438965 2297.9706115722656
0.03498196601867676 2297.9803466796875
0.03546595573425293 2298.004638671875
0.03499412536621094 2298.008514404297
0.03508400917053223 2297.9866333007812
0.03481793403625488 2297.970489501953
0.03446698188781738 2297.982940673828
0.0347599983215332 2298.0061950683594
0.03450322151184082 2298.0072326660156
0.034728288650512695 2297.984649658203
0.03477311134338379 2297.9703979492188
0.0352020263671875 2297.9844665527344
0.03473210334777832 2298.0071716308594
0.03485703468322754 2298.0067138671875
0.03481602668762207 2297.9837341308594
0.03467702865600586 2297.9700927734375
0.035582780838012695 2297.9847717285156
0.03510618209838867 2298.007598876953
0.034655094146728516 2298.007080078125
0.035240888595581055 2297.9837036132812
0.03481006622314453 2297.9694213867188
0.03453373908996582 2297.9840087890625
0.03530001640319824 2298.0078125
0.0348358154296875 2298.008331298828
0.03519177436828613 2297.984588623047
0.034980058670043945 2297.9685668945312
0.03524589538574219 2297.9822692871094
0.03543710708618164 2298.0075073242188
0.03543233871459961 2298.010284423828
0.0359950065612793 2297.986297607422
0.03507566452026367 2297.9676208496094
0.03502678871154785 2297.9796142578125
0.035124778747558594 2298.0067749023438
0.03510332107543945 2298.0125427246094
0.03496813774108887 2297.9887084960938
0.03523111343383789 2297.9667053222656
0.03510689735412598 2297.9764404296875
0.03525519371032715 2298.0054626464844
0.03509664535522461 2298.0150146484375
0.0352320671081543 2297.9916076660156
0.03631901741027832 2297.9661865234375
0.03576087951660156 2297.97314453125
0.03594803810119629 2298.0039672851562
0.03524303436279297 2298.0171813964844
0.03536534309387207 2297.9944458007812
0.03505373001098633 2297.9659118652344
0.034802913665771484 2297.9703674316406
0.03558611869812012 2298.0025939941406
0.034739017486572266 2298.0189819335938
0.03545689582824707 2297.996612548828
0.035295963287353516 2297.9655151367188
0.034948110580444336 2297.9684143066406
0.03491520881652832 2298.0020751953125
0.03489208221435547 2298.0201721191406
0.03539896011352539 2297.997344970703
0.03477787971496582 2297.9646606445312
0.035100698471069336 2297.9678649902344
0.034877777099609375 2298.0030212402344
0.03474307060241699 2298.0208740234375
0.036904335021972656 2297.9960327148438
0.034958839416503906 2297.9632873535156
0.035128116607666016 2297.96923828125
0.03470587730407715 2298.005584716797
0.0345458984375 2298.0204467773438
0.035054922103881836 2297.9923706054688
0.06145811080932617 2297.9617614746094
0.03476595878601074 2297.9728088378906
0.03632092475891113 2298.009490966797
0.03484010696411133 2298.0184326171875
0.03471517562866211 2297.9867248535156
0.03462791442871094 2297.9609985351562
0.03468585014343262 2297.978729248047
0.034909963607788086 2298.0135803222656
0.03491497039794922 2298.01416015625
0.034574270248413086 2297.980010986328
0.034687042236328125 2297.961944580078
0.03503227233886719 2297.986358642578
0.035790205001831055 2298.0165100097656
0.03556084632873535 2298.0077514648438
0.03484296798706055 2297.9736938476562
0.03496289253234863 2297.965362548828
0.03460216522216797 2297.9945678710938
0.03470897674560547 2298.0172119140625
0.03497815132141113 2297.9998168945312
0.034996986389160156 2297.969024658203
0.03450322151184082 2297.970947265625
0.03491687774658203 2298.001922607422
0.03482627868652344 2298.0153198242188
0.034898996353149414 2297.991668701172
0.03479290008544922 2297.9668579101562
0.0348210334777832 2297.977783203125
0.03472709655761719 2298.0074157714844
0.03689408302307129 2298.0114135742188
0.035395145416259766 2297.9844970703125
0.0348668098449707 2297.9671020507812
0.03534078598022461 2297.9846801757812
0.03618192672729492 2298.0105895996094
0.03850126266479492 2298.0064086914062
0.03603816032409668 2297.978973388672
0.03572392463684082 2297.969024658203
0.03702116012573242 2297.9908142089844
0.03629279136657715 2298.0118408203125
0.0354771614074707 2298.0013732910156
0.035279035568237305 2297.9752197265625
0.03554415702819824 2297.9717712402344
0.03517794609069824 2297.9956970214844
0.035315752029418945 2298.0118713378906
0.03526926040649414 2297.9969482421875
0.03528785705566406 2297.972900390625
0.0353391170501709 2297.974578857422
0.0354921817779541 2297.999267578125
0.0351109504699707 2298.01123046875
0.035140037536621094 2297.9934692382812
0.03529500961303711 2297.9716186523438
0.03618001937866211 2297.9768981933594
0.03644990921020508 2298.001708984375
0.03703713417053223 2298.0106201171875
0.03565502166748047 2297.9910278320312
0.0350186824798584 2297.9707641601562
0.034948110580444336 2297.9784545898438
0.03510093688964844 2298.0032653808594
0.0350339412689209 2298.01025390625
0.03520393371582031 2297.989471435547
0.03554987907409668 2297.9700927734375
0.03773212432861328 2297.9791870117188
0.03548693656921387 2298.0043029785156
0.03521299362182617 2298.0103759765625
0.03558182716369629 2297.9889221191406
0.03539109230041504 2297.969482421875
0.03495216369628906 2297.9790954589844
0.03516101837158203 2298.0047607421875
0.035273075103759766 2298.0110778808594
0.03548002243041992 2297.9891052246094
0.036496877670288086 2297.96875
0.035567283630371094 2297.9782104492188
0.035276174545288086 2298.0047912597656
0.0395200252532959 2298.0122680664062
0.03667473793029785 2297.989990234375
0.035262107849121094 2297.9680786132812
0.15032196044921875 2297.9766235351562
0.03557395935058594 2298.0044555664062
0.035887956619262695 2298.0137329101562
0.03514814376831055 2297.9913635253906
0.04385185241699219 2297.9674377441406
0.035635948181152344 2297.9747009277344
0.03543710708618164 2298.003875732422
0.0355830192565918 2298.015380859375
0.035080909729003906 2297.9930114746094
0.03523898124694824 2297.966796875
0.03560614585876465 2297.972625732422
0.03531479835510254 2298.003204345703
0.03678417205810547 2298.0169677734375
0.03513312339782715 2297.994598388672
0.03500795364379883 2297.96630859375
0.03532886505126953 2297.970916748047
0.03530287742614746 2298.0028381347656
0.035336971282958984 2298.018341064453
0.03562211990356445 2297.9954833984375
0.035830020904541016 2297.9654846191406
0.03533291816711426 2297.9698486328125
0.03529977798461914 2298.003173828125
0.035549163818359375 2298.019287109375
0.03567099571228027 2297.995361328125
0.03537893295288086 2297.964385986328
0.07282209396362305 2297.9699096679688
0.036054134368896484 2298.004638671875
0.0354769229888916 2298.0197143554688
0.03537487983703613 2297.993621826172
0.035574913024902344 2297.9630126953125
0.03580617904663086 2297.971435546875
0.06334495544433594 2298.007110595703
0.03497910499572754 2298.0191345214844
0.03510308265686035 2297.9901733398438
0.0348200798034668 2297.9617309570312
0.03537487983703613 2297.974853515625
0.03511500358581543 2298.0105895996094
0.03530406951904297 2298.0171508789062
0.03676009178161621 2297.985137939453
0.035325050354003906 2297.961181640625
0.03545093536376953 2297.980224609375
0.035156965255737305 2298.0140991210938
0.035529136657714844 2298.0133056640625
0.03594183921813965 2297.9791564941406
0.035433292388916016 2297.962188720703
0.03522801399230957 2297.987030029297
0.03536677360534668 2298.0166625976562
0.03551673889160156 2298.0075073242188
0.03586173057556152 2297.9734497070312
0.03638601303100586 2297.9651489257812
0.03534507751464844 2297.9945068359375
0.03502321243286133 2298.0174560546875
0.03516197204589844 2298.0003051757812
0.0357058048248291 2297.969024658203
0.034635066986083984 2297.970184326172
0.03534221649169922 2298.001434326172
0.03473305702209473 2298.0159912109375
0.03505420684814453 2297.9926147460938
0.03549528121948242 2297.9666442871094
0.0350339412689209 2297.9764709472656
0.03473925590515137 2298.0068969726562
0.04343414306640625 2298.0125732421875
0.037603139877319336 2297.9855346679688
0.035218000411987305 2297.9664306640625
0.0356290340423584 2297.983184814453
0.03460884094238281 2298.0105590820312
0.0349879264831543 2298.0079345703125
0.03579306602478027 2297.9797973632812
0.03499102592468262 2297.9678955078125
0.03512120246887207 2297.989471435547
0.03468513488769531 2298.0122985839844
0.03487992286682129 2298.002960205078
0.03462982177734375 2297.9755859375
0.03526782989501953 2297.9705200195312
0.0351710319519043 2297.994659423828
0.035877227783203125 2298.0126037597656
0.03499484062194824 2297.9982299804688
0.03479886054992676 2297.9728393554688
0.03489327430725098 2297.973388671875
0.03501486778259277 2297.998779296875
0.03862190246582031 2298.0121154785156
0.03538393974304199 2297.9942321777344
0.0354151725769043 2297.97119140625
0.035472869873046875 2297.976104736328
0.035212039947509766 2298.001739501953
0.03582310676574707 2298.0112915039062
0.03587985038757324 2297.9911193847656
0.035248756408691406 2297.970184326172
0.03540515899658203 2297.9783630371094
0.034924983978271484 2298.00390625
0.034919023513793945 2298.010528564453
0.03514909744262695 2297.9888610839844
0.035340070724487305 2297.969482421875
0.035260915756225586 2297.9798583984375
0.03540611267089844 2298.00537109375
0.035086870193481445 2298.0101623535156
0.03463292121887207 2297.9873657226562
0.03467988967895508 2297.9689331054688
0.03502178192138672 2297.9806518554688
0.03460192680358887 2298.00634765625
0.03483414649963379 2298.0101928710938
0.03519582748413086 2297.9866333007812
0.0357668399810791 2297.968231201172
0.034863948822021484 2297.9807739257812
0.03560662269592285 2298.007110595703
0.03479409217834473 2298.0107421875
0.034945011138916016 2297.9863891601562
0.03493809700012207 2297.967498779297
0.03486204147338867 2297.980255126953
0.03470110893249512 2298.007537841797
0.03473496437072754 2298.01171875
0.03464508056640625 2297.9866638183594
0.034754037857055664 2297.966522216797
0.0362398624420166 2297.9793395996094
0.035479068756103516 2298.0078125
0.0348508358001709 2298.012908935547
0.0348362922668457 2297.9872131347656
0.034744977951049805 2297.9656372070312
0.035163164138793945 2297.978240966797
0.03523898124694824 2298.008056640625
0.0349879264831543 2298.0142517089844
0.034818172454833984 2297.9877014160156
0.034854888916015625 2297.9646911621094
0.03666114807128906 2297.9771423339844
0.06491899490356445 2298.0084228515625
0.03496575355529785 2298.015350341797
0.03476691246032715 2297.987823486328
0.03496694564819336 2297.9636840820312
0.03674912452697754 2297.976593017578
0.03479504585266113 2298.0091552734375
0.03507494926452637 2298.01611328125
0.03479433059692383 2297.9873657226562
0.03494119644165039 2297.9627075195312
0.03479313850402832 2297.976776123047
0.03487110137939453 2298.0104370117188
0.034937143325805664 2298.0162963867188
0.07194805145263672 2297.985870361328
0.051911115646362305 2297.9618225097656
0.05043911933898926 2297.9783325195312
0.03910088539123535 2298.0122985839844
0.036161184310913086 2298.0155334472656
0.03616213798522949 2297.983154296875
0.03488302230834961 2297.9613037109375
0.0352482795715332 2297.9812927246094
0.03540515899658203 2298.0145874023438
0.03539395332336426 2298.0133361816406
0.035392045974731445 2297.9793090820312
0.03563809394836426 2297.9615478515625
0.03534221649169922 2297.9857788085938
0.04076695442199707 2298.0167541503906
0.03521609306335449 2298.0096130371094
0.03532004356384277 2297.9747924804688
0.03522682189941406 2297.963134765625
0.03470897674560547 2297.9915161132812
0.034790992736816406 2298.0181884765625
0.0345611572265625 2298.0042419433594
0.034715890884399414 2297.9703979492188
0.03482508659362793 2297.9664306640625
0.03593802452087402 2297.997833251953
0.03611493110656738 2298.0181579589844
0.03489065170288086 2297.9976806640625
0.03467607498168945 2297.967041015625
0.034854888916015625 2297.971405029297
0.034657955169677734 2298.0038452148438
0.03463864326477051 2298.0162048339844
0.03481912612915039 2297.9905395507812
0.03508615493774414 2297.9652404785156
0.03490304946899414 2297.977569580078
0.03494668006896973 2298.008819580078
0.03510022163391113 2298.0126342773438
0.03470802307128906 2297.9838256835938
0.0366971492767334 2297.9654541015625
0.03524923324584961 2297.9843139648438
0.03505516052246094 2298.0120544433594
0.034970998764038086 2298.0077514648438
0.03484702110290527 2297.9782104492188
0.03471088409423828 2297.9672241210938
0.03496074676513672 2297.990692138672
0.035156965255737305 2298.0135803222656
0.03503108024597168 2298.0023803710938
0.0350489616394043 2297.9739990234375
0.03481602668762207 2297.970245361328
0.035060882568359375 2297.9962158203125
0.03494405746459961 2298.0136108398438
0.03488898277282715 2297.9971313476562
0.03481793403625488 2297.9712524414062
0.07693219184875488 2297.9737854003906
0.03627610206604004 2298.0006713867188
0.034554243087768555 2298.012664794922
0.03467988967895508 2297.992431640625
0.035366058349609375 2297.969696044922
0.03483390808105469 2297.977264404297
0.034999847412109375 2298.0039978027344
0.03476524353027344 2298.011199951172
0.034765005111694336 2297.9886169433594
0.0348970890045166 2297.9689331054688
0.037222862243652344 2297.9803466796875
0.03492879867553711 2298.0064086914062
0.034828901290893555 2298.0097045898438
0.03497910499572754 2297.9856567382812
0.03497195243835449 2297.9685974121094
0.03489995002746582 2297.9828491210938
0.03507089614868164 2298.008087158203
0.03487801551818848 2298.0084228515625
0.03483176231384277 2297.9833984375
0.0359196662902832 2297.9684143066406
0.034605979919433594 2297.9847106933594
0.034590959548950195 2298.0093688964844
0.034729957580566406 2298.0076293945312
0.03475689888000488 2297.9817810058594
0.03461503982543945 2297.9681091308594
0.03487586975097656 2297.985870361328
0.03470802307128906 2298.0103454589844
0.03487801551818848 2298.0072326660156
0.03496718406677246 2297.980682373047
0.034853219985961914 2297.9677124023438
0.035562992095947266 2297.986541748047
0.035137176513671875 2298.0111694335938
0.03615403175354004 2298.007293701172
0.03524208068847656 2297.980010986328
0.07030296325683594 2297.967041015625
0.03546595573425293 2297.9866943359375
0.034857988357543945 2298.011993408203
0.03563499450683594 2298.0077514648438
0.03501701354980469 2297.979522705078
0.03496885299682617 2297.9661865234375
0.03477907180786133 2297.986572265625
0.03476214408874512 2298.0127868652344
0.03487682342529297 2298.0084228515625
0.03508496284484863 2297.9791564941406
0.03491687774658203 2297.9652709960938
0.035071372985839844 2297.9864196777344
0.06307506561279297 2298.0136108398438
0.03645586967468262 2298.0091552734375
0.03483700752258301 2297.978729248047
0.034780263900756836 2297.964385986328
0.03452277183532715 2297.9864196777344
0.03504681587219238 2298.0144958496094
0.03478503227233887 2298.009521484375
0.034683942794799805 2297.9779663085938
0.03463888168334961 2297.9635620117188
0.035034894943237305 2297.986846923828
0.03540301322937012 2298.0155334472656
0.03503298759460449 2298.0094299316406
0.03481316566467285 2297.9766540527344
0.034705162048339844 2297.963134765625
0.0351109504699707 2297.9881591796875
0.034806013107299805 2298.0167541503906
0.03482389450073242 2298.008514404297
0.03487396240234375 2297.9747314453125
0.03503298759460449 2297.9632263183594
0.03491687774658203 2297.990509033203
0.03510093688964844 2298.0179443359375
0.034802913665771484 2298.0064086914062
0.03465604782104492 2297.97216796875
0.034873247146606445 2297.9642028808594
0.03502702713012695 2297.9939880371094
0.035035133361816406 2298.0188598632812
0.03482699394226074 2298.0030517578125
0.03500103950500488 2297.969268798828
0.03497505187988281 2297.9662475585938
0.03767991065979004 2297.9984436035156
0.03487205505371094 2298.019012451172
0.035043954849243164 2297.998321533203
0.03445100784301758 2297.9664611816406
0.03478288650512695 2297.9697875976562
0.034728050231933594 2298.0032958984375
0.034685373306274414 2298.0179748535156
0.03508305549621582 2297.9925537109375
0.03478717803955078 2297.9645080566406
0.03617286682128906 2297.9747009277344
0.03490090370178223 2298.0079956054688
0.03509092330932617 2298.015411376953
0.0347747802734375 2297.986328125
0.03494381904602051 2297.9638061523438
0.03506207466125488 2297.980743408203
0.034689903259277344 2298.0118408203125
0.0348358154296875 2298.0113220214844
0.03505587577819824 2297.9803161621094
0.03475785255432129 2297.9647521972656
0.03515791893005371 2297.9872131347656
0.034703731536865234 2298.0142517089844
0.034776926040649414 2298.006103515625
0.03496217727661133 2297.9752502441406
0.034671783447265625 2297.9672241210938
0.03426194190979004 2297.9935607910156
0.03495907783508301 2298.015106201172
0.03512096405029297 2298.0003662109375
0.03491568565368652 2297.971466064453
0.03529500961303711 2297.9708557128906
0.03492093086242676 2297.9990844726562
0.0348811149597168 2298.0144653320312
0.03494691848754883 2297.99462890625
0.0346980094909668 2297.9691162109375
0.035160064697265625 2297.97509765625
0.03539085388183594 2298.0035400390625
0.03475475311279297 2298.0127868652344
0.03510022163391113 2297.989501953125
0.03492116928100586 2297.968048095703
0.03505682945251465 2297.9794311523438
0.03480696678161621 2298.0068969726562
0.034889936447143555 2298.010467529297
0.03503823280334473 2297.985137939453
0.03494620323181152 2297.967803955078
0.03498506546020508 2297.983428955078
0.03475379943847656 2298.009246826172
0.03456521034240723 2298.0079956054688
0.03494620323181152 2297.9815979003906
0.03492093086242676 2297.9681701660156
0.03473997116088867 2297.9869079589844
0.03519582748413086 2298.0107421875
0.034870147705078125 2298.0056762695312
0.03462100028991699 2297.978973388672
0.03452324867248535 2297.968780517578
0.03442502021789551 2297.9896850585938
0.034768104553222656 2298.0118408203125
0.03466010093688965 2298.0037536621094
0.03513503074645996 2297.976806640625
0.03464221954345703 2297.9693603515625
0.03524518013000488 2297.9918518066406
0.0348210334777832 2298.0126037597656
0.034770965576171875 2298.0022583007812
0.034895896911621094 2297.975311279297
0.03468799591064453 2297.969696044922
0.03500819206237793 2297.9934997558594
0.034926652908325195 2298.0132751464844
0.03638291358947754 2298.001251220703
0.03508114814758301 2297.9740295410156
0.03493618965148926 2297.9697875976562
0.03526020050048828 2297.994659423828
0.03550124168395996 2298.0139770507812
0.03458213806152344 2298.000701904297
0.03470611572265625 2297.9730224609375
0.034607887268066406 2297.9696655273438
0.03486275672912598 2297.9954833984375
0.035241127014160156 2298.0147094726562
0.035794973373413086 2298.0003967285156
0.03490400314331055 2297.9721069335938
0.06298184394836426 2297.96923828125
0.03532123565673828 2297.9961547851562
0.03507733345031738 2298.0155639648438
0.034642934799194336 2298.0003356933594
0.03534078598022461 2297.971221923828
0.034806013107299805 2297.968780517578
0.03524303436279297 2297.9967651367188
0.03517794609069824 2298.0164184570312
0.03522205352783203 2298.0001220703125
0.03482413291931152 2297.9702758789062
0.035002946853637695 2297.9684448242188
0.034478187561035156 2297.997589111328
0.034822940826416016 2298.0171813964844
0.03496289253234863 2297.9996337890625
0.03502702713012695 2297.9691162109375
0.03489208221435547 2297.9684143066406
0.07224202156066895 2297.9988708496094
0.03672480583190918 2298.0178833007812
0.034982919692993164 2297.998565673828
0.03494095802307129 2297.967742919922
0.034696102142333984 2297.9689025878906
0.03483009338378906 2298.0006713867188
0.03496980667114258 2298.0183715820312
0.03510904312133789 2297.9967346191406
0.03522992134094238 2297.9662170410156
0.03537487983703613 2297.9700927734375
0.03492903709411621 2298.0031127929688
0.0350651741027832 2298.018310546875
0.03514695167541504 2297.993927001953
0.03452706336975098 2297.964630126953
0.03455805778503418 2297.972442626953
0.03480076789855957 2298.0062255859375
0.03468799591064453 2298.017547607422
0.034873008728027344 2297.9901123046875
0.03446197509765625 2297.963348388672
0.03537487983703613 2297.975830078125
0.03483986854553223 2298.009490966797
0.03486990928649902 2298.015625
0.03447699546813965 2297.9854736328125
0.034854888916015625 2297.9627990722656
0.034451961517333984 2297.9804077148438
0.0348210334777832 2298.0126342773438
0.03437209129333496 2298.0125732421875
0.035537004470825195 2297.980499267578
0.0352323055267334 2297.9632568359375
0.03448200225830078 2297.9859008789062
0.0350341796875 2298.0150756835938
0.03471112251281738 2298.008270263672
0.03485584259033203 2297.9756469726562
0.03518319129943848 2297.9651489257812
0.03478598594665527 2297.9918823242188
0.03528094291687012 2298.016387939453
0.03480076789855957 2298.0028381347656
0.03486514091491699 2297.9715270996094
0.0366520881652832 2297.9683837890625
0.03429722785949707 2297.9977416992188
0.03474879264831543 2298.0162658691406
0.03518390655517578 2297.9970092773438
0.034722089767456055 2297.968536376953
0.035372018814086914 2297.97265625
0.03485679626464844 2298.002899169922
0.03478097915649414 2298.0147705078125
0.03487896919250488 2297.9911499023438
0.035125017166137695 2297.9669494628906
0.03580212593078613 2297.9774780273438
0.034954071044921875 2298.0069885253906
0.03469586372375488 2298.012176513672
0.0350492000579834 2297.9857788085938
0.03479194641113281 2297.966583251953
0.03484082221984863 2297.9824829101562
0.03498101234436035 2298.009979248047
0.03438591957092285 2298.009002685547
0.035504817962646484 2297.9812622070312
0.03525400161743164 2297.967254638672
0.03507685661315918 2297.9872131347656
0.03472185134887695 2298.0118408203125
0.034854888916015625 2298.0055236816406
0.03461718559265137 2297.9775390625
0.03449702262878418 2297.9685668945312
0.034895896911621094 2297.9913635253906
0.0346219539642334 2298.0128784179688
0.034741878509521484 2298.002197265625
0.0351710319519043 2297.974822998047
0.034687042236328125 2297.9701538085938
0.03468799591064453 2297.9948120117188
0.034638166427612305 2298.0132751464844
0.03473997116088867 2297.9991455078125
0.034958839416503906 2297.972686767578
0.03469705581665039 2297.9718017578125
0.03502488136291504 2297.9976806640625
0.0351560115814209 2298.013397216797
0.03490900993347168 2297.9966430664062
0.03503894805908203 2297.9711303710938
0.03432178497314453 2297.973175048828
0.03506302833557129 2297.9999084472656
0.0347592830657959 2298.013427734375
0.03493928909301758 2297.994598388672
0.03460192680358887 2297.9698791503906
0.03472900390625 2297.974334716797
0.034708261489868164 2298.001708984375
0.03618311882019043 2298.0134887695312
0.03500699996948242 2297.992889404297
0.03509783744812012 2297.9688720703125
0.034510135650634766 2297.9751892089844
0.03768610954284668 2298.003204345703
0.048055171966552734 2298.0136108398438
0.03648090362548828 2297.991729736328
0.0638890266418457 2297.9679260253906
0.03516101837158203 2297.9757385253906
0.04667806625366211 2298.00439453125
0.03712201118469238 2298.013885498047
0.03516697883605957 2297.990692138672
0.03557395935058594 2297.967041015625
0.18069195747375488 2297.9761352539062
0.04334115982055664 2298.0055236816406
0.03991222381591797 2298.0142517089844
0.03791379928588867 2297.9898376464844
0.04077887535095215 2297.9661560058594
0.037364959716796875 2297.9764099121094
0.037454843521118164 2298.0066528320312
0.038681745529174805 2298.0145874023438
0.036604881286621094 2297.9888305664062
0.03621196746826172 2297.9652404785156
0.03656601905822754 2297.9769287109375
0.03559088706970215 2298.0079040527344
0.03560614585876465 2298.0147705078125
0.03994917869567871 2297.9876403808594
0.040435075759887695 2297.964324951172
0.03794693946838379 2297.9777221679688
0.036375999450683594 2298.009307861328
0.03633475303649902 2298.0146484375
0.036509037017822266 2297.9860229492188
0.036283254623413086 2297.9635314941406
0.03634023666381836 2297.9791259765625
0.03596615791320801 2298.011016845703
0.037396907806396484 2298.0140380859375
0.03513193130493164 2297.9837341308594
0.035060882568359375 2297.9629821777344
0.035514116287231445 2297.9812927246094
0.03510117530822754 2298.012908935547
0.034919023513793945 2298.012725830078
0.03500485420227051 2297.9808959960938
0.03485298156738281 2297.9627685546875
0.03490805625915527 2297.984375
0.035120248794555664 2298.0148315429688
0.03586411476135254 2298.010528564453
0.03497028350830078 2297.9774780273438
0.03526186943054199 2297.9633178710938
0.03508591651916504 2297.98828125
0.03485417366027832 2298.0164489746094
0.035276174545288086 2298.0072021484375
0.035156965255737305 2297.9739379882812
0.03496599197387695 2297.9647521972656
0.03518533706665039 2297.992950439453
0.035172224044799805 2298.0174560546875
0.03517508506774902 2298.0028686523438
0.03510713577270508 2297.9705200195312
0.035086870193481445 2297.9674377441406
0.03498387336730957 2297.9979858398438
0.03539323806762695 2298.017547607422
0.03520011901855469 2297.9976806640625
0.03499913215637207 2297.9676208496094
0.035542964935302734 2297.97119140625
0.03538680076599121 2298.002899169922
0.03538036346435547 2298.016357421875
0.03549075126647949 2297.9921264648438
0.0350337028503418 2297.9658203125
0.03506588935852051 2297.975830078125
