0.06212592124938965 2464.4430541992188
0.05005693435668945 2517.6798248291016
0.04976320266723633 2573.978729248047
0.04971480369567871 2631.9675903320312
0.04992508888244629 2690.6824951171875
0.050041913986206055 2748.647430419922
0.049818992614746094 2806.2808532714844
0.049468994140625 2863.753936767578
0.04945206642150879 2921.267608642578
0.04994678497314453 2978.9691162109375
0.04983401298522949 3036.8921813964844
0.04969477653503418 3095.025421142578
0.04977011680603027 3153.3499145507812
0.05039501190185547 3211.838836669922
0.04967904090881348 3270.480438232422
0.049427032470703125 3329.196563720703
0.04969334602355957 3387.9631958007812
0.04975295066833496 3446.8436889648438
0.04955792427062988 3505.8111877441406
0.04955697059631348 3563.344451904297
0.202894926071167 3585.7516174316406
0.049458980560302734 3597.118621826172
0.04964804649353027 3604.0853881835938
0.049517154693603516 3606.9073486328125
0.04952502250671387 3609.6056518554688
0.05094599723815918 3610.3203125
0.049638986587524414 3610.677001953125
0.04957437515258789 3611.054443359375
0.049469947814941406 3611.3553466796875
0.04969000816345215 3611.525115966797
0.049916744232177734 3611.604949951172
0.049712181091308594 3611.681182861328
0.049735069274902344 3611.7509155273438
0.05067014694213867 3611.8192138671875
0.04960012435913086 3611.8877563476562
0.04968595504760742 3611.9595642089844
0.04973912239074707 3612.0352172851562
0.0495610237121582 3612.114776611328
0.049584150314331055 3612.196990966797
0.049987077713012695 3612.2781372070312
0.04960894584655762 3612.3565673828125
0.04953908920288086 3612.4331970214844
0.1344149112701416 3612.5097045898438
0.050012826919555664 3612.5873107910156
0.04974794387817383 3612.6670532226562
0.04976201057434082 3612.7483520507812
0.049455881118774414 3612.8301391601562
0.050232887268066406 3612.9115295410156
0.04942178726196289 3612.992401123047
0.04939007759094238 3613.074249267578
0.0496220588684082 3613.1577758789062
0.049694061279296875 3613.2434997558594
0.0495600700378418 3613.3311157226562
0.050122976303100586 3613.4200134277344
0.049652814865112305 3613.5096740722656
0.04964303970336914 3613.5977172851562
0.08147287368774414 3613.6690063476562
0.0502169132232666 3613.7137451171875
0.050126075744628906 3613.7251586914062
0.05036807060241699 3613.7237854003906
0.050367116928100586 3613.7227783203125
0.049928903579711914 3613.7223510742188
0.04999589920043945 3613.722686767578
0.0499722957611084 3613.7235107421875
0.04978203773498535 3613.724578857422
0.05004310607910156 3613.7257080078125
0.04991412162780762 3613.7267150878906
0.05025506019592285 3613.7276916503906
0.050102949142456055 3613.728546142578
0.04975390434265137 3613.7293701171875
0.05016779899597168 3613.7303466796875
0.05002021789550781 3613.7314453125
0.04989004135131836 3613.732635498047
0.0498809814453125 3613.7337951660156
0.050553083419799805 3613.734832763672
0.04996490478515625 3613.7355346679688
0.04993414878845215 3613.7359619140625
0.049820899963378906 3613.7359313964844
0.04987502098083496 3613.7354431152344
0.05000805854797363 3613.734832763672
0.04995298385620117 3613.7339477539062
0.049938201904296875 3613.7332153320312
0.049736976623535156 3613.7326049804688
0.049772024154663086 3613.7322692871094
0.04999876022338867 3613.7322692871094
0.049935102462768555 3613.7327575683594
0.049944162368774414 3613.7333374023438
0.05018019676208496 3613.7342529296875
0.050837039947509766 3613.7352905273438
0.050116777420043945 3613.736358642578
0.04980301856994629 3613.7373962402344
0.049678802490234375 3613.73828125
0.04987597465515137 3613.7389526367188
0.05005598068237305 3613.739471435547
0.05055880546569824 3613.739715576172
0.05043601989746094 3613.7398071289062
0.05009722709655762 3613.7398681640625
0.050467729568481445 3613.7398071289062
0.05019211769104004 3613.73974609375
0.05008196830749512 3613.739776611328
0.050935983657836914 3613.7398071289062
0.07528996467590332 3613.7400512695312
0.05074906349182129 3613.7403564453125
0.04989290237426758 3613.7406311035156
0.049777984619140625 3613.7408447265625
0.055413007736206055 3613.7409057617188
0.05009603500366211 3613.7408447265625
0.0499730110168457 3613.7407836914062
0.05006074905395508 3613.7405395507812
0.05023002624511719 3613.7403259277344
0.050161123275756836 3613.740203857422
0.050054073333740234 3613.7401428222656
0.04992103576660156 3613.740203857422
0.050064802169799805 3613.740447998047
0.05007195472717285 3613.7408447265625
0.04963111877441406 3613.741455078125
0.0504150390625 3613.7423400878906
0.04989194869995117 3613.7433166503906
0.04980206489562988 3613.7444763183594
0.07970404624938965 3613.7455139160156
0.050119876861572266 3613.746368408203
0.05024099349975586 3613.7469787597656
0.04999208450317383 3613.7471618652344
0.04999971389770508 3613.7469787597656
0.04992794990539551 3613.74658203125
0.04993104934692383 3613.7461853027344
0.04984021186828613 3613.7461853027344
0.12395477294921875 3613.7465209960938
0.05031299591064453 3613.746551513672
0.05037117004394531 3613.7469482421875
0.05067586898803711 3613.7476196289062
0.050623178482055664 3613.7488403320312
0.04973101615905762 3613.7506713867188
0.050271034240722656 3613.7530517578125
0.05009818077087402 3613.755859375
0.05001711845397949 3613.7586669921875
0.04999709129333496 3613.7611694335938
0.05034804344177246 3613.7623291015625
0.05031704902648926 3613.761688232422
0.0499110221862793 3613.7593994140625
0.05020713806152344 3613.7564697265625
0.06137394905090332 3613.7547302246094
0.050124168395996094 3613.755615234375
0.04992103576660156 3613.7598876953125
0.05061602592468262 3613.766845703125
0.05033707618713379 3613.7748413085938
0.04981517791748047 3613.7809143066406
0.05001497268676758 3613.78271484375
0.049945831298828125 3613.779510498047
0.0503077507019043 3613.773468017578
0.05014395713806152 3613.7681884765625
0.049848079681396484 3613.7669372558594
0.04984402656555176 3613.768280029297
0.05066180229187012 3613.771697998047
0.05007791519165039 3613.7772216796875
0.04996991157531738 3613.7837524414062
0.049759864807128906 3613.790069580078
0.05028796195983887 3613.7950744628906
0.049981117248535156 3613.7979125976562
0.05003499984741211 3613.7986450195312
0.04981517791748047 3613.7975463867188
0.050292015075683594 3613.795166015625
0.04997515678405762 3613.7919006347656
0.05015301704406738 3613.7886657714844
0.04991579055786133 3613.7855529785156
0.07705330848693848 3613.7831115722656
0.049751996994018555 3613.7820739746094
0.05058908462524414 3613.782470703125
0.05040788650512695 3613.7845153808594
0.050724029541015625 3613.7881469726562
0.05059981346130371 3613.7930297851562
0.05010414123535156 3613.798797607422
0.04975175857543945 3613.8043518066406
0.04980897903442383 3613.8094177246094
0.04977107048034668 3613.813232421875
0.049611806869506836 3613.8157653808594
0.04979085922241211 3613.8167724609375
0.04978203773498535 3613.816436767578
0.04973292350769043 3613.8150024414062
0.050054311752319336 3613.812774658203
0.05016493797302246 3613.8103637695312
0.07985472679138184 3613.808349609375
0.050019025802612305 3613.8072509765625
0.0497589111328125 3613.8072204589844
0.04964280128479004 3613.8076171875
0.05044078826904297 3613.807861328125
0.07288408279418945 3613.8067626953125
0.050379037857055664 3613.80419921875
0.05036592483520508 3613.8007202148438
0.050531864166259766 3613.7979125976562
0.050737857818603516 3613.7976989746094
0.050110816955566406 3613.8009338378906
0.05009102821350098 3613.8074645996094
0.05015397071838379 3613.817413330078
0.05009818077087402 3613.8277893066406
0.04968595504760742 3613.835723876953
0.04997611045837402 3613.838409423828
0.051043033599853516 3613.8343811035156
0.05045032501220703 3613.8255920410156
0.05022120475769043 3613.815399169922
0.05070805549621582 3613.806121826172
0.05022120475769043 3613.8003540039062
0.05195903778076172 3613.7980041503906
0.05255722999572754 3613.7969665527344
0.05021166801452637 3613.797393798828
0.04987597465515137 3613.799774169922
0.04987597465515137 3613.8042602539062
0.06099987030029297 3613.8096313476562
0.049822092056274414 3613.813690185547
0.049957990646362305 3613.815185546875
0.04999399185180664 3613.814178466797
0.049993038177490234 3613.8111267089844
0.04974985122680664 3613.8076171875
0.0500640869140625 3613.8052978515625
0.050447940826416016 3613.8050842285156
0.05000710487365723 3613.805419921875
0.04997110366821289 3613.8074340820312
0.05034995079040527 3613.8113403320312
0.04974484443664551 3613.81591796875
0.050347089767456055 3613.8204345703125
0.05000805854797363 3613.8246154785156
0.04999995231628418 3613.8268127441406
0.050354957580566406 3613.8258056640625
0.0504608154296875 3613.8216247558594
0.050260066986083984 3613.8148193359375
0.0496678352355957 3613.8065795898438
0.04997134208679199 3613.7986755371094
0.0496978759765625 3613.792694091797
0.05033111572265625 3613.788330078125
0.04994320869445801 3613.7868041992188
0.05005502700805664 3613.7884216308594
0.04993319511413574 3613.7931518554688
0.050019025802612305 3613.800323486328
0.049810171127319336 3613.8093872070312
0.049896240234375 3613.8186950683594
0.050377845764160156 3613.827423095703
0.04990530014038086 3613.8338928222656
0.05006599426269531 3613.8364868164062
0.04964804649353027 3613.8348083496094
0.04996085166931152 3613.8291015625
0.04992079734802246 3613.821044921875
0.05864286422729492 3613.8125610351562
0.05029106140136719 3613.8052978515625
0.07906293869018555 3613.7996520996094
0.05076313018798828 3613.7967834472656
0.05004596710205078 3613.796875
0.049936771392822266 3613.7984008789062
0.050099849700927734 3613.801788330078
0.04977893829345703 3613.8062744140625
0.050398826599121094 3613.8109741210938
0.04991316795349121 3613.8148498535156
0.04977893829345703 3613.8172912597656
0.04966998100280762 3613.8179626464844
0.05009627342224121 3613.817138671875
0.04987812042236328 3613.8157348632812
0.05002713203430176 3613.8145751953125
0.04977607727050781 3613.8143005371094
0.05023908615112305 3613.8153381347656
0.05010628700256348 3613.8173828125
0.05004072189331055 3613.8199462890625
0.05010676383972168 3613.8216552734375
0.05007791519165039 3613.8212890625
0.04973292350769043 3613.819061279297
0.05022692680358887 3613.8151245117188
0.04971885681152344 3613.8099365234375
0.05009603500366211 3613.804168701172
0.05013704299926758 3613.798858642578
0.05009889602661133 3613.795166015625
0.07750582695007324 3613.7940368652344
0.050074100494384766 3613.795928955078
0.0500030517578125 3613.8001403808594
0.05024313926696777 3613.8051147460938
0.05017590522766113 3613.810272216797
0.05004692077636719 3613.8151245117188
0.049764156341552734 3613.8196716308594
0.05033588409423828 3613.8231811523438
0.050004005432128906 3613.8251037597656
0.04978775978088379 3613.8244018554688
0.05023503303527832 3613.821807861328
0.05005478858947754 3613.8178100585938
0.04987597465515137 3613.8133850097656
0.04996895790100098 3613.8092041015625
0.04995870590209961 3613.805938720703
0.04979395866394043 3613.8043823242188
0.050019025802612305 3613.8033142089844
0.051796913146972656 3613.802032470703
0.05054593086242676 3613.8013610839844
0.0502779483795166 3613.8008728027344
0.05208396911621094 3613.800567626953
0.0511629581451416 3613.8003540039062
0.05041098594665527 3613.8006591796875
0.05019807815551758 3613.801788330078
0.049925804138183594 3613.8040161132812
0.05059099197387695 3613.8072204589844
0.050087928771972656 3613.811553955078
0.05069899559020996 3613.815704345703
0.049902915954589844 3613.818084716797
0.0500340461730957 3613.819122314453
0.05077505111694336 3613.8190002441406
0.05010509490966797 3613.817840576172
0.04998302459716797 3613.8162841796875
0.04977297782897949 3613.814910888672
0.04983401298522949 3613.813262939453
0.05000877380371094 3613.8118286132812
0.049982309341430664 3613.80908203125
0.05002999305725098 3613.8057861328125
0.08180713653564453 3613.802276611328
0.05165505409240723 3613.7989501953125
0.05001401901245117 3613.796356201172
0.049723148345947266 3613.794921875
0.049848079681396484 3613.7953186035156
0.05039095878601074 3613.7977294921875
0.050028085708618164 3613.8020629882812
0.050230979919433594 3613.808349609375
0.050135135650634766 3613.8135986328125
0.049761056900024414 3613.8185119628906
0.0501248836517334 3613.822296142578
0.04997396469116211 3613.824432373047
0.05013108253479004 3613.824920654297
0.050015926361083984 3613.823760986328
0.0500338077545166 3613.8211669921875
0.05006098747253418 3613.8175659179688
0.050132036209106445 3613.81396484375
0.04967331886291504 3613.8110961914062
0.05001211166381836 3613.8081665039062
0.05005311965942383 3613.8048095703125
0.050167083740234375 3613.8014221191406
0.050031185150146484 3613.7985229492188
0.049707889556884766 3613.796661376953
0.04996895790100098 3613.796173095703
0.050215959548950195 3613.797637939453
0.04983806610107422 3613.800994873047
0.04978203773498535 3613.805206298828
0.049896955490112305 3613.80859375
0.04980015754699707 3613.8118591308594
0.04955911636352539 3613.8145751953125
0.0495150089263916 3613.816650390625
0.049722909927368164 3613.8181762695312
0.0501561164855957 3613.819305419922
0.0500788688659668 3613.8201599121094
0.050402164459228516 3613.8207092285156
0.04990506172180176 3613.820068359375
0.06461596488952637 3613.8173828125
0.050302982330322266 3613.813262939453
0.0498349666595459 3613.8081970214844
0.049933671951293945 3613.8028564453125
0.04975390434265137 3613.798065185547
0.050718069076538086 3613.7945861816406
0.04986095428466797 3613.792938232422
0.04987692832946777 3613.793670654297
0.05020785331726074 3613.7969665527344
0.049926042556762695 3613.800994873047
0.04999089241027832 3613.8060302734375
0.05015707015991211 3613.8111877441406
0.04999589920043945 3613.8157653808594
0.04978609085083008 3613.819610595703
0.04996776580810547 3613.822265625
0.0496060848236084 3613.8236694335938
0.049764156341552734 3613.8240356445312
0.04985308647155762 3613.823486328125
0.04991793632507324 3613.8211975097656
0.04987001419067383 3613.8165588378906
0.050040245056152344 3613.8108520507812
0.04959607124328613 3613.8047485351562
0.049950361251831055 3613.799285888672
0.05026817321777344 3613.7950744628906
0.050126075744628906 3613.792755126953
0.050588130950927734 3613.7928466796875
0.07973289489746094 3613.7938537597656
0.049822092056274414 3613.7957458496094
0.050302982330322266 3613.7989807128906
0.04979300498962402 3613.8031005859375
0.049881935119628906 3613.8080444335938
0.04995393753051758 3613.8128051757812
0.0500338077545166 3613.8162841796875
0.05053067207336426 3613.81884765625
0.04975104331970215 3613.820343017578
0.04989194869995117 3613.8209533691406
0.05022907257080078 3613.8211059570312
0.05004692077636719 3613.8211059570312
0.0499730110168457 3613.819854736328
0.049926042556762695 3613.8172302246094
0.05009913444519043 3613.8142700195312
0.05025219917297363 3613.8115234375
0.050161123275756836 3613.8093872070312
0.049688100814819336 3613.8075256347656
0.04983186721801758 3613.806396484375
0.04993414878845215 3613.80615234375
0.050170183181762695 3613.806182861328
0.05006289482116699 3613.8058471679688
0.04986214637756348 3613.8051147460938
0.049980878829956055 3613.8041076660156
0.04999184608459473 3613.8033752441406
0.049913883209228516 3613.8036193847656
0.04973483085632324 3613.8041076660156
0.04990983009338379 3613.80517578125
0.08387494087219238 3613.8079833984375
0.05559206008911133 3613.812774658203
0.050589799880981445 3613.819305419922
0.05032491683959961 3613.8258666992188
0.05010366439819336 3613.831024169922
0.05063772201538086 3613.8331298828125
0.050066232681274414 3613.83056640625
0.05068492889404297 3613.822998046875
0.04967904090881348 3613.812255859375
0.05002999305725098 3613.8011779785156
0.04998493194580078 3613.7927856445312
0.04988908767700195 3613.789306640625
0.04972434043884277 3613.7913208007812
0.05002760887145996 3613.7955017089844
0.04988884925842285 3613.80126953125
0.049916982650756836 3613.8078002929688
0.05010986328125 3613.81396484375
0.049659013748168945 3613.8179626464844
0.04980587959289551 3613.8192749023438
0.050377845764160156 3613.818572998047
0.0501101016998291 3613.816864013672
0.06258201599121094 3613.8155822753906
0.049822092056274414 3613.8152465820312
0.05012202262878418 3613.8158569335938
0.050137996673583984 3613.8170776367188
0.04956507682800293 3613.81884765625
0.04986286163330078 3613.8177490234375
0.049748897552490234 3613.814727783203
0.04998612403869629 3613.8104248046875
0.050137996673583984 3613.8050231933594
0.05011892318725586 3613.79931640625
0.049755096435546875 3613.7937622070312
0.05038619041442871 3613.7891845703125
0.04998302459716797 3613.786102294922
0.07949113845825195 3613.7848510742188
0.05026817321777344 3613.7857055664062
0.049897193908691406 3613.788818359375
0.050160884857177734 3613.7938537597656
0.04979205131530762 3613.7998046875
0.049979209899902344 3613.806121826172
0.049704790115356445 3613.8120727539062
0.05000901222229004 3613.817352294922
0.050013065338134766 3613.8215942382812
0.0498499870300293 3613.824493408203
0.04958605766296387 3613.8256225585938
0.05000662803649902 3613.824951171875
0.060932159423828125 3613.822784423828
0.05029892921447754 3613.8192749023438
0.0499112606048584 3613.8151245117188
0.05048179626464844 3613.8109436035156
0.049762725830078125 3613.8072814941406
0.04979205131530762 3613.8045959472656
0.04997992515563965 3613.8030700683594
0.04975318908691406 3613.8025817871094
0.0495600700378418 3613.802947998047
0.049932003021240234 3613.8035278320312
0.050126075744628906 3613.804473876953
0.04951190948486328 3613.8057861328125
0.05028080940246582 3613.807342529297
0.05002188682556152 3613.8090209960938
0.04959607124328613 3613.8111572265625
0.05018115043640137 3613.813720703125
0.049915313720703125 3613.8160095214844
0.0501561164855957 3613.8189697265625
0.050013065338134766 3613.822509765625
0.04981803894042969 3613.8259887695312
0.049954891204833984 3613.8282470703125
0.049983978271484375 3613.8285217285156
0.05004167556762695 3613.825958251953
0.05026817321777344 3613.820526123047
0.04997706413269043 3613.812774658203
0.05032086372375488 3613.8042907714844
0.050067901611328125 3613.7962036132812
0.0500178337097168 3613.7894287109375
0.07739686965942383 3613.78515625
0.04976987838745117 3613.7845458984375
0.04984617233276367 3613.7879943847656
0.050147056579589844 3613.7955017089844
0.049955129623413086 3613.804656982422
0.04991793632507324 3613.8148193359375
0.05041980743408203 3613.8250732421875
0.050023794174194336 3613.832275390625
0.05014395713806152 3613.834930419922
0.050047874450683594 3613.833038330078
0.05012202262878418 3613.8272705078125
0.04975008964538574 3613.819366455078
0.04981589317321777 3613.8115234375
0.050292015075683594 3613.8046875
0.049848079681396484 3613.7987060546875
0.04998779296875 3613.7950744628906
0.04988503456115723 3613.794219970703
0.05024099349975586 3613.795623779297
0.049987077713012695 3613.7979736328125
0.04978585243225098 3613.8016052246094
0.04976296424865723 3613.8064575195312
0.051442861557006836 3613.811248779297
0.07990574836730957 3613.8150024414062
0.04998493194580078 3613.817138671875
0.1874549388885498 3613.817626953125
0.050161123275756836 3613.81640625
0.04961991310119629 3613.8142700195312
0.050022125244140625 3613.8123474121094
0.049942970275878906 3613.8111572265625
0.05059981346130371 3613.811248779297
0.05070781707763672 3613.8128051757812
0.04990220069885254 3613.8157348632812
0.04987502098083496 3613.8192749023438
0.05014610290527344 3613.8221740722656
0.04970979690551758 3613.8241271972656
0.0498809814453125 3613.8243408203125
0.049723148345947266 3613.8223266601562
0.04991006851196289 3613.8182373046875
0.050438880920410156 3613.8123779296875
0.050074100494384766 3613.805633544922
0.049748897552490234 3613.7991943359375
0.049987077713012695 3613.794403076172
0.04979896545410156 3613.7920837402344
0.05009794235229492 3613.793182373047
0.05015301704406738 3613.7974548339844
0.05015420913696289 3613.8038330078125
0.04972410202026367 3613.811492919922
0.050164222717285156 3613.8199768066406
0.04988503456115723 3613.8273010253906
0.04957318305969238 3613.8323364257812
0.050073862075805664 3613.8343200683594
0.050119876861572266 3613.832794189453
0.04989886283874512 3613.8283081054688
0.049739837646484375 3613.8216552734375
0.049716949462890625 3613.8142700195312
0.049839019775390625 3613.8074951171875
0.049994707107543945 3613.8026428222656
0.04992318153381348 3613.80029296875
0.04950714111328125 3613.800567626953
0.05009007453918457 3613.803009033203
0.05004000663757324 3613.8063049316406
0.049852848052978516 3613.8095703125
0.050087928771972656 3613.8119201660156
0.04986906051635742 3613.8126525878906
0.049468278884887695 3613.81201171875
0.04992794990539551 3613.8104553222656
0.050295114517211914 3613.8086853027344
0.04988884925842285 3613.808074951172
0.04990196228027344 3613.808563232422
0.04993391036987305 3613.810516357422
0.14572501182556152 3613.8140258789062
0.06649494171142578 3613.8187866210938
0.050279855728149414 3613.8240356445312
0.04993295669555664 3613.8279724121094
0.04976391792297363 3613.829345703125
0.05031394958496094 3613.8276977539062
0.05004286766052246 3613.8229064941406
0.05016183853149414 3613.8154296875
0.050124168395996094 3613.8067932128906
0.04992198944091797 3613.798858642578
0.05019211769104004 3613.792938232422
0.04991888999938965 3613.7903747558594
0.04979395866394043 3613.7901000976562
0.05019187927246094 3613.792724609375
0.049655914306640625 3613.798553466797
0.08034420013427734 3613.806884765625
0.04998302459716797 3613.8143615722656
0.05014681816101074 3613.8206481933594
0.049897193908691406 3613.825408935547
0.049844980239868164 3613.8280334472656
0.04989910125732422 3613.8282165527344
0.0499577522277832 3613.8263244628906
0.05011105537414551 3613.8226013183594
0.04993486404418945 3613.817901611328
0.0499420166015625 3613.812774658203
0.050019025802612305 3613.8076171875
0.049842119216918945 3613.8032836914062
0.05085325241088867 3613.800506591797
0.04977703094482422 3613.7994995117188
0.04992103576660156 3613.800537109375
0.07494592666625977 3613.802978515625
0.049886226654052734 3613.8060607910156
0.049865007400512695 3613.80908203125
0.0497589111328125 3613.8108825683594
0.049832820892333984 3613.811248779297
0.05012392997741699 3613.810302734375
0.049620866775512695 3613.8086853027344
0.04968905448913574 3613.8069763183594
0.04951906204223633 3613.806610107422
0.04975175857543945 3613.807586669922
0.05036783218383789 3613.808837890625
0.05025815963745117 3613.81103515625
0.049768924713134766 3613.8143310546875
0.04992389678955078 3613.8181762695312
0.04993796348571777 3613.821044921875
0.05011796951293945 3613.8231506347656
0.04989504814147949 3613.8243103027344
0.04985380172729492 3613.8231506347656
0.05019783973693848 3613.8197326660156
0.05015087127685547 3613.8140258789062
0.050151824951171875 3613.807098388672
0.04969596862792969 3613.8001708984375
0.05028104782104492 3613.794708251953
0.05019807815551758 3613.7916870117188
0.04973101615905762 3613.7921447753906
0.05011701583862305 3613.7950439453125
0.050184011459350586 3613.799530029297
0.04997611045837402 3613.805389404297
0.05012774467468262 3613.8121337890625
0.05037188529968262 3613.819091796875
0.05025792121887207 3613.825225830078
0.04998898506164551 3613.8295288085938
0.050004005432128906 3613.831024169922
0.05014824867248535 3613.8294982910156
0.04990410804748535 3613.8252563476562
0.05038118362426758 3613.8193359375
0.050025224685668945 3613.813507080078
0.05004096031188965 3613.8081970214844
0.050116777420043945 3613.8030700683594
0.04973578453063965 3613.7991333007812
0.04998278617858887 3613.7972106933594
0.050328731536865234 3613.7976684570312
0.0498349666595459 3613.7998046875
0.049902915954589844 3613.802978515625
0.04969072341918945 3613.8065795898438
0.04984426498413086 3613.8099975585938
0.04994702339172363 3613.8124084472656
0.07943177223205566 3613.8135375976562
0.049935102462768555 3613.813507080078
0.04969310760498047 3613.8135681152344
0.050566911697387695 3613.8142700195312
0.04990220069885254 3613.8157958984375
0.050162315368652344 3613.815887451172
0.04958987236022949 3613.8155517578125
0.050173044204711914 3613.8151245117188
0.049961090087890625 3613.8147583007812
0.05017209053039551 3613.8145141601562
0.0500798225402832 3613.8143920898438
0.049916744232177734 3613.813201904297
0.05009889602661133 3613.811798095703
0.05010104179382324 3613.809600830078
0.049896955490112305 3613.8064575195312
0.0501246452331543 3613.802764892578
0.04999494552612305 3613.7994995117188
0.05041098594665527 3613.7977600097656
0.04988503456115723 3613.7984008789062
0.05028510093688965 3613.8006286621094
0.04998207092285156 3613.8021545410156
0.049843788146972656 3613.803436279297
0.05005073547363281 3613.8048400878906
0.05148029327392578 3613.8067321777344
0.05034971237182617 3613.809051513672
0.06229877471923828 3613.8120727539062
0.050353288650512695 3613.8155822753906
0.05012679100036621 3613.8191528320312
0.05040884017944336 3613.8223571777344
0.04999995231628418 3613.824462890625
0.0498502254486084 3613.824737548828
0.05019211769104004 3613.8221740722656
0.04995894432067871 3613.8169555664062
0.0500638484954834 3613.809783935547
0.05054593086242676 3613.8020629882812
0.050461769104003906 3613.795166015625
0.04994916915893555 3613.7890014648438
0.05015707015991211 3613.7853088378906
0.0500180721282959 3613.7852172851562
0.05003690719604492 3613.7893676757812
0.050263166427612305 3613.79541015625
0.05022001266479492 3613.8028869628906
0.05027008056640625 3613.8113708496094
0.05012679100036621 3613.8197631835938
0.05010080337524414 3613.825958251953
0.050566911697387695 3613.828643798828
0.0760650634765625 3613.8273315429688
0.050385236740112305 3613.8228149414062
0.049993038177490234 3613.816864013672
0.05021214485168457 3613.8115234375
0.04995393753051758 3613.8084411621094
0.04985404014587402 3613.8076782226562
0.049867868423461914 3613.8068237304688
0.04969191551208496 3613.806640625
0.05051064491271973 3613.8067932128906
0.05017495155334473 3613.80712890625
0.05007004737854004 3613.806854248047
0.05009889602661133 3613.806182861328
0.04982304573059082 3613.8052673339844
0.050147056579589844 3613.8045043945312
0.049668073654174805 3613.8043212890625
0.049996137619018555 3613.8052673339844
0.07920289039611816 3613.807159423828
0.0502781867980957 3613.8101196289062
0.0498349666595459 3613.8138732910156
0.04981493949890137 3613.8180541992188
0.05013132095336914 3613.8190002441406
0.05000591278076172 3613.818084716797
0.05008196830749512 3613.8153686523438
0.04967188835144043 3613.8111877441406
0.05031394958496094 3613.8060607910156
0.05020427703857422 3613.8007202148438
0.05518603324890137 3613.7958374023438
0.05041790008544922 3613.7921447753906
0.05218505859375 3613.7901000976562
0.05002593994140625 3613.7899169921875
0.051271915435791016 3613.7915954589844
0.05039215087890625 3613.7948303222656
0.049340009689331055 3613.7991638183594
0.049974679946899414 3613.8040771484375
0.05059099197387695 3613.8089904785156
0.0502619743347168 3613.8133544921875
0.05051708221435547 3613.8165588378906
0.05029892921447754 3613.818572998047
0.050125837326049805 3613.819580078125
0.04994606971740723 3613.8199462890625
0.05051398277282715 3613.819793701172
0.05681896209716797 3613.819580078125
0.05007624626159668 3613.8192749023438
0.05030012130737305 3613.8189086914062
0.05994915962219238 3613.818389892578
0.05077409744262695 3613.817596435547
0.04997682571411133 3613.816131591797
0.05036807060241699 3613.813232421875
0.05008101463317871 3613.8094787597656
0.05002403259277344 3613.8052673339844
0.05016493797302246 3613.801055908203
0.05000805854797363 3613.797637939453
0.05012392997741699 3613.7955932617188
0.04963493347167969 3613.795623779297
0.04965710639953613 3613.798126220703
0.05017232894897461 3613.8031311035156
0.05023002624511719 3613.8102111816406
0.04941201210021973 3613.817657470703
0.04990220069885254 3613.8246459960938
0.04965806007385254 3613.8294677734375
0.04995107650756836 3613.831573486328
0.05008411407470703 3613.8306579589844
0.050163984298706055 3613.8271484375
0.04993319511413574 3613.821990966797
0.0502619743347168 3613.8164978027344
0.05038022994995117 3613.810791015625
0.04988598823547363 3613.805694580078
0.04999494552612305 3613.802032470703
0.05007505416870117 3613.8004455566406
0.05010080337524414 3613.801300048828
0.04991316795349121 3613.804229736328
0.05002999305725098 3613.8079528808594
0.050205230712890625 3613.8108520507812
0.05012989044189453 3613.8119506835938
0.050076961517333984 3613.8106384277344
0.05037808418273926 3613.807647705078
0.050267696380615234 3613.8045043945312
0.04994916915893555 3613.8013916015625
0.07940220832824707 3613.800079345703
0.056242942810058594 3613.8013305664062
0.05007624626159668 3613.805206298828
0.05012917518615723 3613.8117065429688
0.05013012886047363 3613.8197326660156
0.04990792274475098 3613.8264770507812
0.05049490928649902 3613.8318481445312
0.05036187171936035 3613.834014892578
0.050169944763183594 3613.8316040039062
0.05010676383972168 3613.8251953125
0.04978775978088379 3613.816436767578
0.04979109764099121 3613.8065185546875
0.050066232681274414 3613.7978515625
0.05026078224182129 3613.7919006347656
0.05017399787902832 3613.7894592285156
0.05032515525817871 3613.79052734375
0.0496068000793457 3613.794647216797
0.05006289482116699 3613.8001708984375
0.0497441291809082 3613.807159423828
0.05031776428222656 3613.813507080078
0.049916744232177734 3613.818572998047
0.050353050231933594 3613.8223571777344
0.04980611801147461 3613.824249267578
0.05032014846801758 3613.824249267578
0.07631182670593262 3613.8226623535156
0.05010104179382324 3613.8199462890625
0.05044198036193848 3613.8165588378906
0.05009913444519043 3613.81298828125
0.04992198944091797 3613.8095703125
0.05004286766052246 3613.806640625
0.04996919631958008 3613.804718017578
0.0498659610748291 3613.8038330078125
0.04982805252075195 3613.8043212890625
0.050093650817871094 3613.804443359375
0.04991888999938965 3613.8045349121094
0.05031895637512207 3613.8045654296875
0.04958510398864746 3613.8045959472656
0.05007004737854004 3613.804718017578
0.049920082092285156 3613.8052368164062
0.050255775451660156 3613.8063354492188
0.04986000061035156 3613.807647705078
0.04998898506164551 3613.8099975585938
0.04983973503112793 3613.812957763672
0.05008196830749512 3613.8165588378906
0.05011606216430664 3613.8203735351562
0.050058841705322266 3613.8238525390625
0.049895286560058594 3613.8256225585938
0.05054211616516113 3613.8257446289062
0.05013108253479004 3613.8240966796875
0.05027294158935547 3613.8209533691406
0.05005502700805664 3613.81640625
0.05008387565612793 3613.8111877441406
0.04993700981140137 3613.8060913085938
0.04988908767700195 3613.801727294922
0.050116777420043945 3613.798583984375
0.04996681213378906 3613.7962646484375
0.05046701431274414 3613.7955322265625
0.049932003021240234 3613.7967224121094
0.04996180534362793 3613.7999877929688
0.050041913986206055 3613.8050842285156
0.050063133239746094 3613.8112182617188
0.05025005340576172 3613.8162231445312
0.04997396469116211 3613.820281982422
0.08009982109069824 3613.822784423828
0.050354957580566406 3613.8236694335938
0.05027413368225098 3613.8231201171875
0.0502169132232666 3613.8215942382812
0.050591230392456055 3613.8194885253906
0.0502161979675293 3613.817352294922
0.05016207695007324 3613.8155212402344
0.049913883209228516 3613.813232421875
0.04960989952087402 3613.8096923828125
0.04998135566711426 3613.805908203125
0.05000710487365723 3613.802276611328
0.05009889602661133 3613.7992248535156
0.05055713653564453 3613.79736328125
0.0500187873840332 3613.7970275878906
0.04994606971740723 3613.7986755371094
0.04982113838195801 3613.800537109375
0.050219058990478516 3613.8028259277344
0.049912214279174805 3613.8055419921875
0.05051422119140625 3613.8080444335938
0.05009603500366211 3613.8109130859375
0.05013108253479004 3613.81396484375
0.050110816955566406 3613.8171997070312
0.050579071044921875 3613.8204956054688
0.05012774467468262 3613.8231201171875
0.05007314682006836 3613.823699951172
0.05028700828552246 3613.8225708007812
0.05057978630065918 3613.819610595703
0.04996013641357422 3613.8152770996094
0.05009102821350098 3613.8102416992188
0.05005812644958496 3613.8052368164062
0.05087089538574219 3613.8011779785156
0.05021214485168457 3613.7987365722656
0.050395965576171875 3613.7984313964844
0.05022311210632324 3613.798583984375
0.05036497116088867 3613.7992553710938
0.049906253814697266 3613.800537109375
0.04995369911193848 3613.8023681640625
0.05023837089538574 3613.8048095703125
0.058177947998046875 3613.807373046875
0.0501248836517334 3613.810546875
0.05016613006591797 3613.8143005371094
0.05012202262878418 3613.8182983398438
0.04987215995788574 3613.8198852539062
0.04996299743652344 3613.8198852539062
0.049864768981933594 3613.8182678222656
0.05007004737854004 3613.815399169922
0.050128936767578125 3613.8118896484375
0.05034804344177246 3613.8080444335938
0.0501561164855957 3613.8046875
0.050249338150024414 3613.8023681640625
0.05014395713806152 3613.8013610839844
0.05016803741455078 3613.799835205078
0.04985690116882324 3613.798828125
0.050050973892211914 3613.7984924316406
0.050221920013427734 3613.7988891601562
0.04989314079284668 3613.800018310547
0.05036330223083496 3613.801727294922
0.05028414726257324 3613.804168701172
0.04989814758300781 3613.8071899414062
0.04998302459716797 3613.8106079101562
0.055914878845214844 3613.8147583007812
0.07448196411132812 3613.819366455078
0.08011126518249512 3613.8239135742188
0.05074787139892578 3613.826446533203
0.05070090293884277 3613.8269653320312
0.05009722709655762 3613.825469970703
0.05046510696411133 3613.8223571777344
0.04973125457763672 3613.8179321289062
0.05013298988342285 3613.8131103515625
0.0501558780670166 3613.8084106445312
0.050184011459350586 3613.8048400878906
0.05021977424621582 3613.802001953125
0.0507509708404541 3613.799072265625
0.05023622512817383 3613.796875
0.05018115043640137 3613.7958068847656
0.05034208297729492 3613.796112060547
0.0500028133392334 3613.798126220703
0.050015926361083984 3613.8018188476562
0.050202131271362305 3613.8070678710938
0.05009579658508301 3613.8121948242188
0.05006527900695801 3613.8154907226562
0.0499880313873291 3613.817108154297
0.050779104232788086 3613.816925048828
0.05045604705810547 3613.8153686523438
0.05025005340576172 3613.8131713867188
0.050103187561035156 3613.8109436035156
0.05070161819458008 3613.809356689453
0.04984331130981445 3613.8081665039062
0.05025792121887207 3613.8079528808594
0.05006217956542969 3613.8072814941406
0.050332069396972656 3613.806854248047
0.053132057189941406 3613.8069458007812
0.05027294158935547 3613.8075561523438
0.05032682418823242 3613.8079528808594
0.0500941276550293 3613.807586669922
0.05031013488769531 3613.806640625
0.05138683319091797 3613.805419921875
0.04994487762451172 3613.8046264648438
0.05157113075256348 3613.8046875
0.05016207695007324 3613.8060913085938
0.05013465881347656 3613.807159423828
0.05034804344177246 3613.8082885742188
0.050187110900878906 3613.809844970703
0.050333261489868164 3613.8118896484375
0.05083799362182617 3613.814422607422
0.05022001266479492 3613.817352294922
0.05032610893249512 3613.820281982422
0.04976201057434082 3613.8228454589844
0.05035209655761719 3613.8243408203125
0.05018305778503418 3613.823699951172
0.05204129219055176 3613.8203735351562
0.05136513710021973 3613.8146057128906
0.05066275596618652 3613.807098388672
0.050692081451416016 3613.79931640625
0.050076961517333984 3613.7930297851562
0.05094790458679199 3613.7896728515625
0.050537824630737305 3613.790313720703
0.05055999755859375 3613.794952392578
