0.06127572059631348 2252.6114196777344
0.0466461181640625 2301.3474731445312
0.04518294334411621 2352.8893280029297
0.04540514945983887 2405.815399169922
0.045201778411865234 2459.263885498047
0.04485583305358887 2511.950653076172
0.044901132583618164 2564.166778564453
0.04438209533691406 2616.3490600585938
0.044911861419677734 2668.6231079101562
0.04445004463195801 2721.062957763672
0.0445408821105957 2773.6844177246094
0.044442176818847656 2826.478240966797
0.04484820365905762 2879.4276733398438
0.04652214050292969 2932.512176513672
0.04478096961975098 2985.7264404296875
0.04439210891723633 3038.9666442871094
0.044580936431884766 3092.2702026367188
0.044243812561035156 3145.6665649414062
0.04468512535095215 3199.1348266601562
0.04427790641784668 3251.2620239257812
0.04472804069519043 3270.444061279297
0.044809818267822266 3279.6710815429688
0.04439496994018555 3283.683319091797
0.044173240661621094 3286.065673828125
0.04548501968383789 3287.5609436035156
0.044502973556518555 3287.9039611816406
0.04428219795227051 3288.1776123046875
0.04407310485839844 3288.329620361328
0.044281005859375 3288.4388122558594
0.04433894157409668 3288.497833251953
0.04447484016418457 3288.558349609375
0.04411602020263672 3288.6210327148438
0.04626202583312988 3288.685821533203
0.044198036193847656 3288.750518798828
0.07766294479370117 3288.813995361328
0.04453301429748535 3288.877685546875
0.04424595832824707 3288.9435119628906
0.04435300827026367 3289.0119018554688
0.04416680335998535 3289.08203125
0.04460000991821289 3289.1531982421875
0.04491305351257324 3289.2215881347656
0.044252872467041016 3289.2894897460938
0.04453611373901367 3289.3575744628906
0.04422187805175781 3289.4254455566406
0.04439687728881836 3289.4940490722656
0.04439711570739746 3289.5635681152344
0.04447531700134277 3289.6339721679688
0.04428601264953613 3289.7049255371094
0.04425311088562012 3289.7757873535156
0.04454803466796875 3289.846893310547
0.04423999786376953 3289.9190673828125
0.0441441535949707 3289.9928588867188
0.0445256233215332 3290.0680541992188
0.07318472862243652 3290.1285400390625
0.04422497749328613 3290.168731689453
0.04436087608337402 3290.1866455078125
0.04513812065124512 3290.1998596191406
0.04485511779785156 3290.2027282714844
0.04457402229309082 3290.2003173828125
0.044428110122680664 3290.198516845703
0.04455304145812988 3290.197967529297
0.04398012161254883 3290.198455810547
0.04463601112365723 3290.199676513672
0.09085798263549805 3290.2009887695312
0.04466891288757324 3290.2019958496094
0.0446467399597168 3290.202392578125
0.044654130935668945 3290.2022399902344
0.044137001037597656 3290.201873779297
0.04636383056640625 3290.2015991210938
0.04645586013793945 3290.2015380859375
0.04473996162414551 3290.2018127441406
0.044677019119262695 3290.202392578125
0.04444575309753418 3290.2029418945312
0.04619789123535156 3290.2032775878906
0.20013785362243652 3290.203094482422
0.049176692962646484 3290.202423095703
0.04500007629394531 3290.2013244628906
0.06983590126037598 3290.1997680664062
0.04507017135620117 3290.1983947753906
0.04447007179260254 3290.197296142578
0.044970035552978516 3290.1966857910156
0.050338029861450195 3290.1968994140625
0.04478096961975098 3290.1978149414062
0.04605293273925781 3290.1993408203125
0.04446291923522949 3290.201171875
0.0451359748840332 3290.2032165527344
0.04507112503051758 3290.2051696777344
0.044380903244018555 3290.2066650390625
0.04455113410949707 3290.2075805664062
0.044338226318359375 3290.2078552246094
0.044751882553100586 3290.207305908203
0.044621944427490234 3290.206268310547
0.04434490203857422 3290.2046508789062
0.04527473449707031 3290.2028198242188
0.04448413848876953 3290.2008361816406
0.04729723930358887 3290.198944091797
0.044901132583618164 3290.197479248047
0.04478096961975098 3290.1964416503906
0.04470705986022949 3290.1958618164062
0.04472494125366211 3290.195831298828
0.045443058013916016 3290.1962280273438
0.04486680030822754 3290.1970825195312
0.04407382011413574 3290.198211669922
0.04480791091918945 3290.1995544433594
0.04487919807434082 3290.200897216797
0.044033050537109375 3290.2020568847656
0.04486083984375 3290.203094482422
0.04455280303955078 3290.2037658691406
0.044294118881225586 3290.2041931152344
0.04459071159362793 3290.2042236328125
0.044564247131347656 3290.2039184570312
0.044524192810058594 3290.2033081054688
0.04598402976989746 3290.20263671875
0.04462122917175293 3290.201904296875
0.04462099075317383 3290.2012634277344
0.0443568229675293 3290.2008361816406
0.04462695121765137 3290.200653076172
0.044615983963012695 3290.2007446289062
0.044422149658203125 3290.2008666992188
0.044779062271118164 3290.2010192871094
0.04412579536437988 3290.2009887695312
0.04513192176818848 3290.2007446289062
0.04451107978820801 3290.200439453125
0.044567108154296875 3290.1998901367188
0.04496002197265625 3290.1996154785156
0.04489874839782715 3290.1997985839844
0.04470682144165039 3290.2005615234375
0.04590106010437012 3290.2022094726562
0.044506072998046875 3290.2042236328125
0.04427313804626465 3290.2061462402344
0.04427790641784668 3290.2068786621094
0.04492306709289551 3290.20556640625
0.07222819328308105 3290.2023315429688
0.04472994804382324 3290.1983337402344
0.044921159744262695 3290.1939392089844
0.04442787170410156 3290.1910400390625
0.04466724395751953 3290.1912536621094
0.044571876525878906 3290.1953735351562
0.04484701156616211 3290.20263671875
0.04479408264160156 3290.2107849121094
0.04460716247558594 3290.217010498047
0.044036865234375 3290.217315673828
0.04435276985168457 3290.2110290527344
0.047165870666503906 3290.2001953125
0.045881032943725586 3290.1883239746094
0.044873952865600586 3290.1792602539062
0.044753074645996094 3290.1751708984375
0.0465092658996582 3290.177459716797
0.044792890548706055 3290.1851806640625
0.04472208023071289 3290.193328857422
0.04492783546447754 3290.1986694335938
0.044387102127075195 3290.2017517089844
0.04459071159362793 3290.2024841308594
0.04443192481994629 3290.2015075683594
0.04476118087768555 3290.199249267578
0.046396732330322266 3290.196014404297
0.04442286491394043 3290.1927185058594
0.04473590850830078 3290.1900939941406
0.04611921310424805 3290.1888427734375
0.044909000396728516 3290.1879272460938
0.044764041900634766 3290.1874084472656
0.0731971263885498 3290.1883544921875
0.04466104507446289 3290.1907958984375
0.045552968978881836 3290.194549560547
0.045305728912353516 3290.198699951172
0.044354915618896484 3290.2017211914062
0.04492998123168945 3290.201904296875
0.0450899600982666 3290.198974609375
0.04492378234863281 3290.1939392089844
0.04486799240112305 3290.188720703125
0.04509162902832031 3290.1854553222656
0.04446721076965332 3290.185028076172
0.04576730728149414 3290.1874389648438
0.06631588935852051 3290.191864013672
0.06911683082580566 3290.1968383789062
0.048635005950927734 3290.2011108398438
0.046257972717285156 3290.2046508789062
0.0450742244720459 3290.2074279785156
0.1076352596282959 3290.2095336914062
0.04492068290710449 3290.2105102539062
0.04987001419067383 3290.210235595703
0.051522016525268555 3290.208770751953
0.11797404289245605 3290.2062377929688
0.07694411277770996 3290.2032165527344
0.057206153869628906 3290.2001342773438
0.07972979545593262 3290.1973266601562
0.06386017799377441 3290.195098876953
0.05015897750854492 3290.1937866210938
0.04647111892700195 3290.1932067871094
0.04512524604797363 3290.193603515625
0.045490264892578125 3290.1934814453125
0.0451200008392334 3290.193603515625
0.04456686973571777 3290.1941833496094
0.045417070388793945 3290.1954040527344
0.04517626762390137 3290.197265625
0.04743194580078125 3290.1998596191406
0.05420088768005371 3290.2030029296875
0.05541515350341797 3290.206298828125
0.049282073974609375 3290.2095336914062
0.04493284225463867 3290.2117919921875
0.26755475997924805 3290.2123107910156
0.0502469539642334 3290.2107849121094
0.05769968032836914 3290.2073669433594
0.048562049865722656 3290.2025146484375
0.05114102363586426 3290.197052001953
0.04492998123168945 3290.1910400390625
0.04514813423156738 3290.185516357422
0.04533505439758301 3290.181854248047
0.044396162033081055 3290.1809692382812
0.04448103904724121 3290.183624267578
0.045224905014038086 3290.189666748047
0.12335896492004395 3290.198516845703
0.04539084434509277 3290.2079467773438
0.044996023178100586 3290.2157592773438
0.04489898681640625 3290.22021484375
0.04453897476196289 3290.2202758789062
0.04982304573059082 3290.2161560058594
0.0519561767578125 3290.2098693847656
0.05128002166748047 3290.203399658203
0.05330705642700195 3290.1979370117188
0.048358917236328125 3290.193328857422
0.044458866119384766 3290.1903686523438
0.04583001136779785 3290.189910888672
0.044320106506347656 3290.19189453125
0.04676198959350586 3290.195068359375
0.045211076736450195 3290.1976623535156
0.044584035873413086 3290.1986694335938
0.04523801803588867 3290.1978759765625
0.0522761344909668 3290.1963500976562
0.051529884338378906 3290.1947326660156
0.0462338924407959 3290.194061279297
0.04469728469848633 3290.195068359375
0.045270681381225586 3290.1974182128906
0.04515790939331055 3290.2010192871094
0.05574178695678711 3290.2057189941406
0.05866813659667969 3290.210723876953
0.054392099380493164 3290.2146606445312
0.052186012268066406 3290.2166748046875
0.045970916748046875 3290.2157287597656
0.052536964416503906 3290.211639404297
0.052308082580566406 3290.2049255371094
0.051702022552490234 3290.1969604492188
0.04609513282775879 3290.189453125
0.04664802551269531 3290.1822509765625
0.046770334243774414 3290.1771240234375
0.05002903938293457 3290.175018310547
0.046228885650634766 3290.176727294922
0.04607892036437988 3290.1822204589844
0.045265913009643555 3290.1896362304688
0.04769730567932129 3290.1979064941406
0.051721811294555664 3290.206573486328
0.0481259822845459 3290.213592529297
0.04621410369873047 3290.2173461914062
0.04629087448120117 3290.217315673828
0.04496312141418457 3290.2139282226562
0.04561471939086914 3290.208526611328
0.10040974617004395 3290.2028198242188
0.04610729217529297 3290.1982421875
0.1496891975402832 3290.1954956054688
0.04913473129272461 3290.193328857422
0.04631304740905762 3290.1920166015625
0.04781007766723633 3290.1917419433594
0.04797482490539551 3290.1927490234375
0.04640007019042969 3290.1947021484375
0.044725894927978516 3290.1972045898438
0.04954028129577637 3290.1993408203125
0.05534815788269043 3290.200469970703
0.10719418525695801 3290.2005920410156
0.05567002296447754 3290.199920654297
0.0959160327911377 3290.1990356445312
0.05348014831542969 3290.1988525390625
0.05140876770019531 3290.1998596191406
0.04935026168823242 3290.2024536132812
0.05292701721191406 3290.2056884765625
0.052340030670166016 3290.2091369628906
0.052104949951171875 3290.2117614746094
0.05260586738586426 3290.212158203125
0.05408167839050293 3290.2103576660156
0.05442404747009277 3290.206268310547
0.04609370231628418 3290.200439453125
0.04527401924133301 3290.194091796875
0.04495692253112793 3290.1886596679688
0.04504203796386719 3290.185272216797
0.044512033462524414 3290.184814453125
0.04439496994018555 3290.185577392578
0.04475283622741699 3290.1878967285156
0.04471397399902344 3290.1918029785156
0.044612884521484375 3290.1971130371094
0.04407501220703125 3290.203094482422
0.04449892044067383 3290.2085876464844
0.045165061950683594 3290.212371826172
0.04402303695678711 3290.2142944335938
0.05158185958862305 3290.2140197753906
0.04465603828430176 3290.2120666503906
0.044844865798950195 3290.208740234375
0.044721126556396484 3290.2048950195312
0.044550180435180664 3290.2013549804688
0.044396162033081055 3290.197479248047
0.05130887031555176 3290.1923217773438
0.05432391166687012 3290.1871643066406
0.053240060806274414 3290.1823120117188
0.05539679527282715 3290.1790161132812
0.0476839542388916 3290.1777954101562
0.047022104263305664 3290.1793212890625
0.05144691467285156 3290.183807373047
0.0446627140045166 3290.1904907226562
0.04616498947143555 3290.1979370117188
0.0476229190826416 3290.2056579589844
0.04882383346557617 3290.2122192382812
0.045033931732177734 3290.216278076172
0.04459810256958008 3290.2176208496094
0.16416501998901367 3290.2164001464844
0.0459599494934082 3290.2132568359375
0.04837203025817871 3290.207244873047
0.047724008560180664 3290.1998901367188
0.04841494560241699 3290.192626953125
0.04853510856628418 3290.1863403320312
0.04780697822570801 3290.1820678710938
0.049196720123291016 3290.1803588867188
0.048046112060546875 3290.181427001953
0.04903411865234375 3290.1851501464844
0.04520988464355469 3290.18994140625
0.047289133071899414 3290.1951599121094
0.04732704162597656 3290.1995849609375
0.0500330924987793 3290.2018432617188
0.05051112174987793 3290.20166015625
0.044429779052734375 3290.199737548828
0.05602908134460449 3290.197723388672
0.06443500518798828 3290.197265625
0.06560111045837402 3290.1991271972656
0.1483900547027588 3290.2030639648438
0.06716322898864746 3290.2084350585938
0.07904601097106934 3290.2114868164062
0.09453105926513672 3290.2129821777344
0.063446044921875 3290.2125549316406
0.05151009559631348 3290.2100830078125
0.055713653564453125 3290.205780029297
0.07689881324768066 3290.200469970703
0.2890770435333252 3290.1949157714844
0.047744035720825195 3290.1901245117188
0.04812216758728027 3290.1866760253906
0.046858787536621094 3290.1849975585938
0.04621410369873047 3290.185272216797
0.07324481010437012 3290.1875
0.6389381885528564 3290.1915588378906
0.07718920707702637 3290.1961669921875
0.059922218322753906 3290.199981689453
0.10834598541259766 3290.2032165527344
0.0698089599609375 3290.2056884765625
0.05781698226928711 3290.2073669433594
0.05719184875488281 3290.208251953125
0.05755901336669922 3290.2085876464844
0.06110501289367676 3290.2083740234375
0.060453176498413086 3290.207550048828
0.0649111270904541 3290.2059326171875
0.06168770790100098 3290.202606201172
0.07095503807067871 3290.198272705078
0.0717768669128418 3290.1935119628906
0.0623781681060791 3290.1890258789062
0.058180809020996094 3290.185577392578
0.0691061019897461 3290.1837768554688
0.07086396217346191 3290.18408203125
0.0822451114654541 3290.1868591308594
0.05728602409362793 3290.1919860839844
0.04800677299499512 3290.1988220214844
0.08355998992919922 3290.206298828125
0.06862092018127441 3290.2125549316406
0.07755088806152344 3290.216552734375
0.0787651538848877 3290.217010498047
0.07788419723510742 3290.2140502929688
0.07609701156616211 3290.2091064453125
0.06144404411315918 3290.203857421875
0.06388211250305176 3290.1991577148438
0.0716252326965332 3290.19482421875
0.07353377342224121 3290.191864013672
0.06766176223754883 3290.1910705566406
0.07012701034545898 3290.1923217773438
0.07161092758178711 3290.194854736328
0.07085394859313965 3290.1976318359375
0.06650900840759277 3290.1997680664062
0.06786417961120605 3290.2007446289062
0.06612491607666016 3290.2003173828125
0.06799101829528809 3290.1990966796875
0.06156587600708008 3290.1976928710938
0.05075883865356445 3290.197235107422
0.04832792282104492 3290.1984252929688
0.04966998100280762 3290.200469970703
0.04848790168762207 3290.203094482422
0.048172950744628906 3290.206512451172
0.06967806816101074 3290.2103576660156
0.06252717971801758 3290.2136840820312
0.05810713768005371 3290.2149353027344
0.05960512161254883 3290.213104248047
0.06331110000610352 3290.2080993652344
0.05716109275817871 3290.200653076172
0.06204509735107422 3290.1925354003906
0.06132984161376953 3290.185791015625
0.053607940673828125 3290.1817626953125
0.053070783615112305 3290.1813049316406
0.050801992416381836 3290.183319091797
0.05414390563964844 3290.186798095703
0.06239199638366699 3290.191925048828
0.05112004280090332 3290.197998046875
0.0579991340637207 3290.2039794921875
0.05945396423339844 3290.2088623046875
0.05231904983520508 3290.2119140625
0.09592604637145996 3290.2129516601562
0.050498008728027344 3290.2122497558594
0.049977779388427734 3290.2100524902344
0.21743011474609375 3290.2071838378906
0.04860997200012207 3290.2042236328125
0.04873204231262207 3290.201904296875
0.04848003387451172 3290.2008056640625
0.049489736557006836 3290.199676513672
0.05013608932495117 3290.1972045898438
0.04967188835144043 3290.1942138671875
0.06095099449157715 3290.1907958984375
0.06253314018249512 3290.1875610351562
0.062024831771850586 3290.185089111328
0.06372618675231934 3290.1839294433594
0.05881190299987793 3290.1844177246094
0.050538063049316406 3290.1866760253906
0.048020124435424805 3290.1905822753906
0.04829597473144531 3290.1956787109375
0.04741311073303223 3290.200408935547
0.058988094329833984 3290.2052307128906
0.05738401412963867 3290.209930419922
0.058187007904052734 3290.214080810547
0.062352895736694336 3290.2164916992188
0.06292080879211426 3290.2167053222656
0.06773018836975098 3290.214599609375
0.06914305686950684 3290.2101135253906
0.06180596351623535 3290.2041625976562
0.06605792045593262 3290.1976318359375
0.06538701057434082 3290.191375732422
0.057444095611572266 3290.1854553222656
0.06314492225646973 3290.18115234375
0.07014107704162598 3290.1792602539062
0.06396794319152832 3290.1802368164062
0.05917692184448242 3290.1841430664062
0.052462100982666016 3290.1908264160156
0.05836319923400879 3290.199493408203
0.06447792053222656 3290.2081298828125
0.06500816345214844 3290.2144775390625
0.06762409210205078 3290.2168579101562
0.06568598747253418 3290.2152404785156
0.06595301628112793 3290.2103881835938
0.06273984909057617 3290.2046813964844
0.06771206855773926 3290.199951171875
0.06803202629089355 3290.1978149414062
0.06372594833374023 3290.1981506347656
0.06831002235412598 3290.1986083984375
0.08211302757263184 3290.19921875
0.048052072525024414 3290.199951171875
0.048037052154541016 3290.2001953125
0.04799294471740723 3290.1995239257812
0.04704165458679199 3290.1978759765625
0.047688961029052734 3290.1954040527344
0.04836678504943848 3290.1930236816406
0.04721522331237793 3290.1917114257812
0.046170949935913086 3290.192169189453
0.046209096908569336 3290.1942443847656
0.046187639236450195 3290.1976623535156
0.046015024185180664 3290.2017822265625
0.04658913612365723 3290.20556640625
0.0455780029296875 3290.206787109375
0.046054840087890625 3290.2064208984375
0.04591012001037598 3290.204620361328
0.0460507869720459 3290.2018432617188
0.04618692398071289 3290.198455810547
0.04585599899291992 3290.1954650878906
0.04570722579956055 3290.1931762695312
0.045449018478393555 3290.1921997070312
0.045787811279296875 3290.1923828125
0.07346606254577637 3290.1935424804688
0.04469418525695801 3290.1951904296875
0.045269012451171875 3290.196563720703
0.0458681583404541 3290.1971130371094
0.046066999435424805 3290.197021484375
0.04552483558654785 3290.1966552734375
0.04543709754943848 3290.196746826172
0.044950008392333984 3290.1981201171875
0.04526686668395996 3290.2010803222656
0.04520106315612793 3290.205810546875
0.045387983322143555 3290.2100219726562
0.04505181312561035 3290.213409423828
0.06411385536193848 3290.2157592773438
0.06152701377868652 3290.2161560058594
0.06766009330749512 3290.2138061523438
0.059348106384277344 3290.2088623046875
0.05940723419189453 3290.2020568847656
0.05462789535522461 3290.194854736328
0.06206011772155762 3290.1886291503906
0.058274030685424805 3290.1846313476562
0.052136898040771484 3290.181427001953
0.051422834396362305 3290.1807861328125
0.06394004821777344 3290.1832580566406
0.06159496307373047 3290.1888122558594
0.06422090530395508 3290.1965942382812
0.06259894371032715 3290.2042846679688
0.06402397155761719 3290.209442138672
0.057489871978759766 3290.2113647460938
0.05962324142456055 3290.2100524902344
0.05552792549133301 3290.2069091796875
0.0585019588470459 3290.2032775878906
0.06172895431518555 3290.2010498046875
0.06090879440307617 3290.2012634277344
0.06597089767456055 3290.204071044922
0.06214189529418945 3290.20654296875
0.06256794929504395 3290.2078247070312
0.05130887031555176 3290.2076721191406
0.0601811408996582 3290.205291748047
0.05734515190124512 3290.200469970703
0.08037781715393066 3290.1942138671875
0.05492091178894043 3290.1880798339844
0.05919694900512695 3290.182830810547
0.04832792282104492 3290.1803283691406
0.056078195571899414 3290.18115234375
0.06071019172668457 3290.185272216797
0.04890084266662598 3290.1919860839844
0.058776140213012695 3290.2003173828125
0.09054183959960938 3290.2068481445312
0.047324180603027344 3290.2109985351562
0.045825958251953125 3290.2125549316406
0.04639935493469238 3290.211639404297
0.04573416709899902 3290.208465576172
0.045495033264160156 3290.2034912109375
0.04568290710449219 3290.1976318359375
0.044862985610961914 3290.1917419433594
0.045126914978027344 3290.1866760253906
0.0504918098449707 3290.1830139160156
0.05986213684082031 3290.1813049316406
0.06362295150756836 3290.1818237304688
0.06615424156188965 3290.184326171875
0.06556582450866699 3290.1883239746094
0.06303691864013672 3290.193328857422
0.06489109992980957 3290.1987915039062
0.05003094673156738 3290.2034301757812
0.04815196990966797 3290.2066345214844
0.050634145736694336 3290.208038330078
0.05791497230529785 3290.2078857421875
0.05823993682861328 3290.206756591797
0.06016683578491211 3290.205047607422
0.08218693733215332 3290.203826904297
0.05795907974243164 3290.2035522460938
0.0616607666015625 3290.2041625976562
0.06062793731689453 3290.2042846679688
0.06139802932739258 3290.2044982910156
0.05503201484680176 3290.204620361328
0.05751609802246094 3290.2042846679688
0.06215405464172363 3290.202850341797
0.06424379348754883 3290.2001037597656
0.051586151123046875 3290.196258544922
0.047590017318725586 3290.191925048828
0.04616880416870117 3290.188232421875
0.13016724586486816 3290.1861877441406
0.06309008598327637 3290.1867065429688
0.06162309646606445 3290.1903076171875
0.05448484420776367 3290.1962890625
0.05637192726135254 3290.2030334472656
0.09992384910583496 3290.208984375
0.06178903579711914 3290.2136840820312
0.06481504440307617 3290.216796875
0.0625462532043457 3290.2174072265625
0.0547947883605957 3290.215576171875
0.055639028549194336 3290.211639404297
0.15719318389892578 3290.2064208984375
0.0621340274810791 3290.200958251953
0.05768394470214844 3290.196075439453
0.05719113349914551 3290.192596435547
0.05717301368713379 3290.1908569335938
0.06117677688598633 3290.1900024414062
0.06528806686401367 3290.18798828125
0.05728912353515625 3290.186004638672
0.06170010566711426 3290.1842346191406
0.0627908706665039 3290.1835327148438
0.06008410453796387 3290.184600830078
0.06749582290649414 3290.187713623047
0.052880048751831055 3290.1930236816406
0.057517051696777344 3290.2001953125
0.05913496017456055 3290.2084045410156
0.05726313591003418 3290.2162475585938
0.04777884483337402 3290.2214965820312
0.04705405235290527 3290.22265625
0.04657793045043945 3290.219512939453
0.046244144439697266 3290.2127075195312
0.046170949935913086 3290.203857421875
0.04614830017089844 3290.1953125
0.04600095748901367 3290.1890258789062
0.04534006118774414 3290.1851501464844
0.04598593711853027 3290.183563232422
0.04526782035827637 3290.1848754882812
0.04512310028076172 3290.1887817382812
0.045465946197509766 3290.1942443847656
0.04537200927734375 3290.1995544433594
0.047532081604003906 3290.203399658203
0.046566009521484375 3290.2052307128906
0.044859886169433594 3290.2049560546875
0.0447239875793457 3290.2028198242188
0.04616212844848633 3290.1997985839844
0.04637908935546875 3290.1972045898438
0.0445249080657959 3290.19580078125
0.04546308517456055 3290.196014404297
0.04552412033081055 3290.1980590820312
0.04503917694091797 3290.2017517089844
0.04433584213256836 3290.205352783203
0.09329605102539062 3290.2088317871094
0.044625043869018555 3290.2108154296875
0.04503989219665527 3290.2097778320312
0.04458975791931152 3290.2054748535156
0.04517102241516113 3290.198486328125
0.07329702377319336 3290.1906127929688
0.04486393928527832 3290.1836853027344
0.04440188407897949 3290.1796875
0.04448676109313965 3290.1797790527344
0.0446619987487793 3290.1817932128906
0.04456281661987305 3290.1866149902344
0.04486513137817383 3290.1936950683594
0.0446772575378418 3290.2022705078125
0.04414010047912598 3290.209747314453
0.04639005661010742 3290.216278076172
0.044854164123535156 3290.220672607422
0.04720187187194824 3290.2216186523438
0.045020341873168945 3290.2190551757812
0.044786930084228516 3290.2134704589844
0.04468393325805664 3290.2061462402344
0.04482603073120117 3290.198486328125
0.04467201232910156 3290.191925048828
0.04467201232910156 3290.187530517578
0.044683218002319336 3290.185760498047
0.04519510269165039 3290.1861267089844
0.04779815673828125 3290.1868896484375
0.04546785354614258 3290.1886596679688
0.04481697082519531 3290.191192626953
0.04473876953125 3290.1941528320312
0.04470419883728027 3290.1974182128906
0.0447230339050293 3290.200653076172
0.044275760650634766 3290.2039184570312
0.044291019439697266 3290.206787109375
0.0442659854888916 3290.208984375
0.044703006744384766 3290.210693359375
0.04460787773132324 3290.21142578125
0.04598212242126465 3290.210479736328
0.0448300838470459 3290.208465576172
0.044625282287597656 3290.2059936523438
0.04442119598388672 3290.2035217285156
0.044133901596069336 3290.201141357422
0.04394984245300293 3290.197723388672
0.04441380500793457 3290.1939392089844
0.044203996658325195 3290.190185546875
0.04411888122558594 3290.1875
0.04482412338256836 3290.1861572265625
0.044927120208740234 3290.1869506835938
0.044159889221191406 3290.1901245117188
0.04383492469787598 3290.1943359375
0.04370474815368652 3290.197998046875
0.0438847541809082 3290.2010803222656
0.044205665588378906 3290.2034606933594
0.04382801055908203 3290.2051696777344
0.04377484321594238 3290.206573486328
0.04468131065368652 3290.2078247070312
0.04371833801269531 3290.2090454101562
0.04414796829223633 3290.2081604003906
0.04363203048706055 3290.205108642578
0.04369616508483887 3290.2003784179688
0.04332113265991211 3290.1951599121094
0.04384422302246094 3290.1897888183594
0.04358386993408203 3290.185577392578
0.07034182548522949 3290.183135986328
0.043623924255371094 3290.1829223632812
0.043709754943847656 3290.1842041015625
0.04366898536682129 3290.185821533203
0.04415297508239746 3290.1884155273438
0.04510903358459473 3290.1918334960938
0.04402565956115723 3290.1956787109375
0.044228315353393555 3290.1995849609375
0.04356193542480469 3290.203125
0.04363298416137695 3290.206329345703
0.04353070259094238 3290.2090454101562
0.04341006278991699 3290.211395263672
0.07887887954711914 3290.2134399414062
0.04361128807067871 3290.2142944335938
0.04348325729370117 3290.2129516601562
0.04466724395751953 3290.20947265625
0.04392886161804199 3290.204559326172
0.04386711120605469 3290.1990661621094
0.05016613006591797 3290.1936950683594
0.044580698013305664 3290.189483642578
0.04535508155822754 3290.1869506835938
0.0435490608215332 3290.1864624023438
0.043871164321899414 3290.186248779297
0.04424595832824707 3290.1871032714844
0.04340028762817383 3290.1891479492188
0.04357409477233887 3290.1922302246094
0.04515504837036133 3290.1964721679688
0.044084787368774414 3290.2013549804688
0.04499387741088867 3290.2061767578125
0.04414987564086914 3290.2100524902344
0.04364895820617676 3290.210418701172
0.04377174377441406 3290.208282470703
0.04371190071105957 3290.2047119140625
0.04369521141052246 3290.2005310058594
0.043456077575683594 3290.1968383789062
0.04374814033508301 3290.1942443847656
0.04423093795776367 3290.1922302246094
0.04343080520629883 3290.1915283203125
0.043882131576538086 3290.1922607421875
0.04395699501037598 3290.1940002441406
0.04351401329040527 3290.1963500976562
0.043591976165771484 3290.1981811523438
0.04372811317443848 3290.1990356445312
0.04397273063659668 3290.1988830566406
0.04348492622375488 3290.1980895996094
0.04328298568725586 3290.1973876953125
0.12747812271118164 3290.197265625
0.045189857482910156 3290.1979370117188
0.04373598098754883 3290.1980895996094
0.0433962345123291 3290.1986083984375
0.04328513145446777 3290.199737548828
0.043112993240356445 3290.2015991210938
0.043520212173461914 3290.2040100097656
0.04373598098754883 3290.2064208984375
0.04348111152648926 3290.2083740234375
0.04307103157043457 3290.208984375
0.042958736419677734 3290.2071838378906
0.04347491264343262 3290.2032165527344
0.0431821346282959 3290.197296142578
0.043112993240356445 3290.1907958984375
0.04355287551879883 3290.1851501464844
0.043354034423828125 3290.1821899414062
0.04321122169494629 3290.1827087402344
0.045564889907836914 3290.187225341797
0.045831918716430664 3290.1939697265625
0.04612302780151367 3290.201446533203
0.04589390754699707 3290.2091369628906
0.04601311683654785 3290.216033935547
0.04611921310424805 3290.220672607422
0.04671907424926758 3290.2220458984375
0.04614400863647461 3290.2196655273438
0.046421051025390625 3290.2139282226562
0.04605412483215332 3290.2061157226562
0.04624009132385254 3290.1980895996094
0.046221017837524414 3290.1915588378906
0.04650592803955078 3290.1875
0.04615664482116699 3290.1865844726562
0.04589486122131348 3290.1880798339844
0.12147307395935059 3290.1903076171875
0.04686093330383301 3290.1924438476562
0.0761725902557373 3290.1942443847656
0.0530397891998291 3290.1954956054688
0.05415511131286621 3290.1964111328125
0.045349836349487305 3290.197235107422
0.04654407501220703 3290.1988830566406
0.04951810836791992 3290.2017822265625
0.05460000038146973 3290.2057495117188
0.049504995346069336 3290.2092895507812
0.048233985900878906 3290.2110595703125
0.04705405235290527 3290.21142578125
0.04549407958984375 3290.21044921875
0.04761910438537598 3290.20849609375
0.04843497276306152 3290.2051391601562
0.054171085357666016 3290.2003479003906
0.05224013328552246 3290.195343017578
0.05762314796447754 3290.1908569335938
0.05852198600769043 3290.1875610351562
0.055577993392944336 3290.186248779297
0.05416584014892578 3290.187255859375
0.04781222343444824 3290.1904296875
0.054139137268066406 3290.1925354003906
0.05796098709106445 3290.1939086914062
0.061181068420410156 3290.1946411132812
0.05707383155822754 3290.1947326660156
0.04902029037475586 3290.194549560547
0.08671116828918457 3290.1943359375
0.055571794509887695 3290.1946411132812
0.05997061729431152 3290.1957397460938
0.05910611152648926 3290.1976013183594
0.05654716491699219 3290.2003173828125
0.05598020553588867 3290.2018127441406
0.0823202133178711 3290.2027282714844
0.05575823783874512 3290.2032470703125
0.055995941162109375 3290.2034912109375
0.058244943618774414 3290.2030639648438
0.046340227127075195 3290.201385498047
0.04575777053833008 3290.198699951172
0.07110404968261719 3290.1954345703125
0.0534210205078125 3290.1922912597656
0.05703282356262207 3290.1900634765625
0.05856609344482422 3290.1893615722656
0.06098604202270508 3290.1893920898438
0.0489649772644043 3290.1900024414062
0.047556161880493164 3290.1917724609375
0.046353816986083984 3290.1946411132812
0.054121971130371094 3290.198455810547
0.05297207832336426 3290.2030029296875
0.04971122741699219 3290.2079467773438
0.05676889419555664 3290.212432861328
0.06420302391052246 3290.215789794922
0.06284308433532715 3290.216339111328
0.05835318565368652 3290.2135009765625
0.05648303031921387 3290.2074279785156
0.05228376388549805 3290.1995239257812
0.05598807334899902 3290.191650390625
0.06294131278991699 3290.1857299804688
0.0667409896850586 3290.18310546875
0.05568981170654297 3290.1840209960938
0.05497002601623535 3290.1856079101562
0.048177242279052734 3290.1888427734375
0.047254085540771484 3290.193145751953
0.05183100700378418 3290.1981201171875
0.058727264404296875 3290.202911376953
0.05853104591369629 3290.20703125
0.059487104415893555 3290.210205078125
0.06131410598754883 3290.2117919921875
0.05335283279418945 3290.2120056152344
0.04817008972167969 3290.2108154296875
0.04629707336425781 3290.208221435547
0.07362794876098633 3290.205108642578
0.04632091522216797 3290.2000427246094
0.045213937759399414 3290.1946411132812
0.0451512336730957 3290.188995361328
0.19540095329284668 3290.184844970703
0.06041884422302246 3290.1828002929688
0.06049919128417969 3290.1832580566406
0.05837082862854004 3290.1852416992188
0.05874514579772949 3290.1889038085938
0.05970406532287598 3290.194091796875
0.05981731414794922 3290.1994018554688
0.06144285202026367 3290.2034912109375
0.059056758880615234 3290.205780029297
0.06409907341003418 3290.206329345703
0.060379981994628906 3290.2056579589844
0.06246185302734375 3290.2051391601562
0.062265872955322266 3290.205596923828
0.06344389915466309 3290.207733154297
0.05685305595397949 3290.2086181640625
0.06432890892028809 3290.2086486816406
0.04829907417297363 3290.2076721191406
0.04804825782775879 3290.2059631347656
0.054717063903808594 3290.203582763672
0.04897189140319824 3290.200653076172
0.06037187576293945 3290.197021484375
0.05853724479675293 3290.19287109375
0.06476998329162598 3290.1887817382812
0.06528830528259277 3290.1858825683594
0.06375813484191895 3290.1849365234375
0.06128191947937012 3290.1866760253906
0.05950498580932617 3290.1910400390625
0.06184816360473633 3290.1959228515625
0.062322139739990234 3290.19921875
0.06213712692260742 3290.2012329101562
0.057295799255371094 3290.2019653320312
0.1220240592956543 3290.2022399902344
0.06672906875610352 3290.2030029296875
0.061939239501953125 3290.2048950195312
0.06423425674438477 3290.2081298828125
0.06218099594116211 3290.212158203125
0.06086897850036621 3290.214569091797
0.06264615058898926 3290.2135009765625
0.06687688827514648 3290.2083129882812
0.06253385543823242 3290.199981689453
0.06363105773925781 3290.190643310547
0.07286405563354492 3290.183135986328
0.058760881423950195 3290.1774291992188
0.06067204475402832 3290.1757202148438
0.05854320526123047 3290.178924560547
0.05101633071899414 3290.1866455078125
0.058222055435180664 3290.1974182128906
0.05931401252746582 3290.2075805664062
0.048906803131103516 3290.214874267578
0.04885387420654297 3290.216522216797
0.05812883377075195 3290.2132568359375
0.048245906829833984 3290.206573486328
0.04669499397277832 3290.198760986328
0.04767012596130371 3290.19140625
0.04901289939880371 3290.1856689453125
0.04934811592102051 3290.181915283203
0.0487060546875 3290.1805725097656
0.05618882179260254 3290.1819763183594
0.05958390235900879 3290.1848754882812
0.06119799613952637 3290.188751220703
0.09905505180358887 3290.1934509277344
0.06256580352783203 3290.1983642578125
0.061058998107910156 3290.202423095703
0.05591392517089844 3290.2046813964844
0.0830841064453125 3290.204833984375
0.08510899543762207 3290.2034606933594
0.07918405532836914 3290.201202392578
0.07161903381347656 3290.198944091797
0.06958174705505371 3290.197509765625
0.06946992874145508 3290.1973266601562
0.06464171409606934 3290.198486328125
0.06535124778747559 3290.2010498046875
0.05910015106201172 3290.204559326172
0.06311392784118652 3290.208221435547
0.06603121757507324 3290.2111206054688
0.06664586067199707 3290.2125244140625
0.0716409683227539 3290.2118530273438
0.07968878746032715 3290.209259033203
0.06062126159667969 3290.2047119140625
0.06808710098266602 3290.1990661621094
0.061068058013916016 3290.193145751953
0.08413004875183105 3290.1881103515625
0.05425572395324707 3290.184783935547
0.059129953384399414 3290.1839599609375
0.06543111801147461 3290.185821533203
0.07273602485656738 3290.190155029297
0.06353187561035156 3290.1962890625
0.1479790210723877 3290.2032165527344
0.0716710090637207 3290.2095947265625
0.06393694877624512 3290.2147827148438
0.06458210945129395 3290.2181091308594
0.06630492210388184 3290.218963623047
0.05636096000671387 3290.2172241210938
0.06570911407470703 3290.2132568359375
0.0740659236907959 3290.207794189453
0.060400962829589844 3290.2017822265625
0.0591130256652832 3290.196258544922
0.05761098861694336 3290.1920471191406
0.062003135681152344 3290.1895141601562
0.055950164794921875 3290.1888732910156
0.05979800224304199 3290.189910888672
0.06759905815124512 3290.1915893554688
0.0740518569946289 3290.193145751953
0.06645917892456055 3290.194793701172
0.05845999717712402 3290.1966247558594
0.061968088150024414 3290.1986389160156
0.0857999324798584 3290.2007446289062
0.05760502815246582 3290.2032165527344
0.057602643966674805 3290.206085205078
0.058545827865600586 3290.208740234375
0.06363916397094727 3290.2111206054688
0.05988001823425293 3290.2125244140625
0.0615229606628418 3290.2115478515625
0.051885128021240234 3290.2088012695312
0.05816292762756348 3290.2048950195312
0.06257104873657227 3290.2005004882812
0.06239724159240723 3290.1963500976562
0.06386923789978027 3290.1932067871094
0.06612086296081543 3290.1905212402344
0.06364583969116211 3290.1883544921875
0.05901026725769043 3290.187286376953
0.06279683113098145 3290.1875
0.06819415092468262 3290.1895141601562
0.06360816955566406 3290.1932983398438
0.06912517547607422 3290.1983337402344
0.08813118934631348 3290.203125
0.10675525665283203 3290.206329345703
0.07959198951721191 3290.2080078125
0.0720980167388916 3290.2083435058594
0.11342787742614746 3290.207733154297
0.0644080638885498 3290.20654296875
0.06822323799133301 3290.2052612304688
0.06427812576293945 3290.2042541503906
0.17253398895263672 3290.2034912109375
0.0693979263305664 3290.2013549804688
0.06862115859985352 3290.19873046875
0.06349682807922363 3290.1957397460938
0.07438325881958008 3290.1929321289062
0.06259036064147949 3290.190673828125
0.0686640739440918 3290.189453125
0.07355904579162598 3290.1893615722656
0.05398702621459961 3290.1906127929688
0.05042409896850586 3290.191436767578
0.04796099662780762 3290.1917724609375
0.04835200309753418 3290.192138671875
0.048166751861572266 3290.19287109375
0.04741811752319336 3290.194122314453
0.04766678810119629 3290.196044921875
0.047102928161621094 3290.199005126953
0.05401206016540527 3290.2026977539062
0.04861807823181152 3290.205535888672
0.04732704162597656 3290.2074584960938
0.04659605026245117 3290.2085571289062
0.06384897232055664 3290.209014892578
0.04835081100463867 3290.2076110839844
0.04615664482116699 3290.204559326172
0.0463109016418457 3290.200164794922
0.04728388786315918 3290.195343017578
0.07176613807678223 3290.1908264160156
0.07306790351867676 3290.1876525878906
0.060571908950805664 3290.186004638672
0.0717158317565918 3290.1845092773438
0.06266117095947266 3290.1844787597656
0.06878805160522461 3290.1861267089844
0.06595611572265625 3290.1895751953125
0.06462788581848145 3290.194580078125
0.06837582588195801 3290.200714111328
0.05604100227355957 3290.2073364257812
0.058999061584472656 3290.2137145996094
0.05788087844848633 3290.2186889648438
0.060298919677734375 3290.2205810546875
0.06340789794921875 3290.2186889648438
0.05664181709289551 3290.2129821777344
0.06309175491333008 3290.2047424316406
0.06597304344177246 3290.1957397460938
0.06320905685424805 3290.18798828125
0.05206298828125 3290.1831970214844
0.0610198974609375 3290.1823120117188
0.0608677864074707 3290.1839904785156
