0.24455022811889648 4243.186019897461
0.34207606315612793 4350.985000610352
0.34830379486083984 4461.038619995117
0.12004804611206055 4571.64323425293
0.3056941032409668 4683.812576293945
0.22948098182678223 4797.837249755859
0.25490903854370117 4913.200897216797
0.2763669490814209 5029.927581787109
0.14502596855163574 5146.307403564453
0.13980817794799805 5261.943450927734
0.26337718963623047 5377.506774902344
0.2545301914215088 5492.669464111328
0.19625091552734375 5605.2584228515625
0.24413108825683594 5714.2933349609375
0.3434569835662842 5820.1524658203125
0.17064189910888672 5924.975677490234
0.1520082950592041 6030.027282714844
0.14913487434387207 6134.591888427734
0.12221598625183105 6238.381195068359
0.12137222290039062 6335.272064208984
0.1345348358154297 6399.239074707031
0.25449609756469727 6431.449157714844
0.2943580150604248 6451.274932861328
0.3321809768676758 6470.433776855469
0.24523711204528809 6487.835906982422
0.35884785652160645 6499.278533935547
0.2668900489807129 6511.283538818359
0.25000905990600586 6524.402496337891
0.30145716667175293 6534.816741943359
0.32817602157592773 6538.939483642578
0.2824690341949463 6541.7391357421875
0.24600005149841309 6543.898468017578
0.29535675048828125 6545.508728027344
0.3277459144592285 6546.318878173828
0.19023633003234863 6546.241912841797
0.14539217948913574 6545.436004638672
0.11010909080505371 6544.196990966797
0.10966968536376953 6542.867401123047
0.1449141502380371 6541.734161376953
0.28789806365966797 6541.017669677734
0.24275684356689453 6540.882873535156
0.27043700218200684 6541.389343261719
0.13135981559753418 6542.465026855469
0.28778767585754395 6543.8919677734375
0.28331899642944336 6545.343933105469
0.47249889373779297 6546.624359130859
0.23172998428344727 6547.571258544922
0.4200730323791504 6548.033355712891
0.2582967281341553 6547.940643310547
0.1504509449005127 6547.370025634766
0.3535919189453125 6546.5262451171875
0.3646068572998047 6545.655303955078
0.15174078941345215 6544.911285400391
0.37706613540649414 6544.402526855469
0.2529301643371582 6544.225830078125
0.19971394538879395 6544.410797119141
0.24587106704711914 6544.907318115234
0.2822380065917969 6545.607208251953
0.33570194244384766 6546.369873046875
0.275393009185791 6547.0540771484375
0.3229100704193115 6547.528717041016
0.42641735076904297 6547.703857421875
0.2267448902130127 6547.577789306641
0.14490199089050293 6547.247131347656
0.20737218856811523 6546.862609863281
0.10970425605773926 6546.565582275391
0.12536907196044922 6546.424499511719
0.14519810676574707 6546.397125244141
0.10994911193847656 6546.474426269531
0.1433849334716797 6546.662780761719
0.13240504264831543 6546.931060791016
0.1179342269897461 6547.228515625
0.14695119857788086 6547.4970703125
0.13537216186523438 6547.695343017578
0.19794797897338867 6547.7994384765625
0.7061080932617188 6547.8157958984375
0.27609705924987793 6547.779998779297
0.17067885398864746 6547.736602783203
0.11043500900268555 6547.72412109375
0.10930705070495605 6547.763732910156
0.11029505729675293 6547.827453613281
0.14487719535827637 6547.917144775391
0.1102442741394043 6548.014709472656
0.11042928695678711 6548.094757080078
0.12982702255249023 6548.152282714844
0.14533305168151855 6548.178497314453
0.11020183563232422 6548.160064697266
0.11018681526184082 6548.106475830078
0.10952925682067871 6548.040130615234
0.10980081558227539 6547.982025146484
0.1732790470123291 6547.948699951172
0.22066783905029297 6547.9482421875
0.21342015266418457 6547.978424072266
0.2575981616973877 6548.029602050781
0.22508811950683594 6548.087982177734
0.15759587287902832 6548.1396484375
0.18128371238708496 6548.174163818359
0.16852402687072754 6548.187957763672
0.17172884941101074 6548.182525634766
0.43873000144958496 6548.1649169921875
0.11458301544189453 6548.143646240234
0.11014294624328613 6548.1273193359375
0.11144900321960449 6548.121154785156
0.11036920547485352 6548.126983642578
0.1457211971282959 6548.143341064453
0.1135411262512207 6548.165924072266
0.11029195785522461 6548.189727783203
0.11143207550048828 6548.210144042969
0.14408612251281738 6548.224151611328
0.14322519302368164 6548.2288818359375
0.11123013496398926 6548.2235107421875
0.10976386070251465 6548.209777832031
0.1105961799621582 6548.19189453125
0.1438000202178955 6548.174530029297
0.11000514030456543 6548.161804199219
0.10947799682617188 6548.153991699219
0.11003303527832031 6548.150390625
0.14449715614318848 6548.149230957031
0.11162972450256348 6548.148681640625
0.11009097099304199 6548.147216796875
0.16481924057006836 6548.144805908203
0.11011195182800293 6548.141937255859
0.1450660228729248 6548.139831542969
0.10996007919311523 6548.1397705078125
0.10956811904907227 6548.143218994141
0.1141669750213623 6548.151031494141
0.14560580253601074 6548.163848876953
0.12334418296813965 6548.181915283203
0.1096792221069336 6548.205078125
0.10967516899108887 6548.232940673828
0.1097872257232666 6548.2642822265625
0.14472293853759766 6548.297119140625
0.11038017272949219 6548.329498291016
0.10991811752319336 6548.356964111328
0.11000299453735352 6548.372711181641
0.1447138786315918 6548.378967285156
0.10931992530822754 6548.387786865234
0.12986111640930176 6548.404815673828
0.11107993125915527 6548.428924560547
0.12349319458007812 6548.438629150391
0.1448056697845459 6548.428436279297
0.10976314544677734 6548.364227294922
0.10953402519226074 6548.268463134766
0.10994100570678711 6548.181976318359
0.11002302169799805 6548.121795654297
0.1458449363708496 6548.096832275391
0.10999703407287598 6548.107177734375
0.10994696617126465 6548.145721435547
0.11086392402648926 6548.196685791016
0.14540600776672363 6548.223846435547
0.10979294776916504 6548.211975097656
0.10933208465576172 6548.170013427734
0.10953307151794434 6548.117126464844
0.11659121513366699 6548.075866699219
0.15254878997802734 6548.057159423828
0.11009502410888672 6548.059417724609
0.11058783531188965 6548.076629638672
0.11016297340393066 6548.102294921875
0.14447617530822754 6548.129150390625
0.11119890213012695 6548.151824951172
0.11013197898864746 6548.17041015625
0.11033320426940918 6548.190582275391
0.1101679801940918 6548.217468261719
0.14594602584838867 6548.247222900391
0.10983705520629883 6548.278839111328
0.12636208534240723 6548.311248779297
0.11039590835571289 6548.341125488281
0.14532709121704102 6548.364898681641
0.11065888404846191 6548.380401611328
0.10983800888061523 6548.388031005859
0.110015869140625 6548.390960693359
0.11009669303894043 6548.391937255859
0.14525794982910156 6548.394073486328
0.11004900932312012 6548.397216796875
0.1106710433959961 6548.401611328125
0.1100606918334961 6548.406188964844
0.3213672637939453 6548.409759521484
0.14967823028564453 6548.411346435547
0.11792325973510742 6548.409851074219
0.11080598831176758 6548.405944824219
0.1138911247253418 6548.399597167969
0.1445019245147705 6548.391571044922
0.11071419715881348 6548.364807128906
0.11059308052062988 6548.3101806640625
0.1105508804321289 6548.254577636719
0.14682435989379883 6548.2166748046875
0.11196279525756836 6548.201812744141
0.11124014854431152 6548.210235595703
0.11006999015808105 6548.236663818359
0.10917782783508301 6548.2730712890625
0.1452009677886963 6548.3104248046875
0.10919308662414551 6548.332489013672
0.1857130527496338 6548.326599121094
0.11804485321044922 6548.297668457031
0.10942316055297852 6548.2584228515625
0.1455402374267578 6548.221282958984
0.10934019088745117 6548.195465087891
0.10926103591918945 6548.1834716796875
0.11033225059509277 6548.182800292969
0.14456820487976074 6548.188812255859
0.1092531681060791 6548.195953369141
0.11075305938720703 6548.200714111328
0.10911798477172852 6548.203155517578
0.10925006866455078 6548.205078125
0.14426875114440918 6548.209564208984
0.10900187492370605 6548.2193603515625
0.11577701568603516 6548.236267089844
0.10980725288391113 6548.260345458984
0.14537978172302246 6548.290283203125
0.10984611511230469 6548.324005126953
0.11037206649780273 6548.357604980469
0.10908198356628418 6548.389373779297
0.11925697326660156 6548.416931152344
0.14690303802490234 6548.440246582031
0.11108994483947754 6548.459045410156
0.11054396629333496 6548.472686767578
0.11130309104919434 6548.482391357422
0.14625096321105957 6548.48876953125
0.1117868423461914 6548.492279052734
0.11034989356994629 6548.493194580078
0.12409496307373047 6548.4910888671875
0.10965514183044434 6548.485076904297
0.14612579345703125 6548.457092285156
0.10953092575073242 6548.381988525391
0.11050295829772949 6548.303527832031
1.3225350379943848 6548.244934082031
0.17036199569702148 6548.212982177734
0.11062908172607422 6548.211700439453
0.11029410362243652 6548.235748291016
0.11047697067260742 6548.272644042969
0.11045503616333008 6548.306915283203
0.14492487907409668 6548.321380615234
0.11086010932922363 6548.304962158203
0.21256208419799805 6548.2689208984375
0.11062407493591309 6548.231964111328
0.14483022689819336 6548.205139160156
0.11085700988769531 6548.191650390625
0.11126923561096191 6548.189270019531
0.11059212684631348 6548.1920166015625
0.11037492752075195 6548.195343017578
0.14877009391784668 6548.197448730469
0.11340522766113281 6548.199249267578
0.1106419563293457 6548.203216552734
0.11026191711425781 6548.212249755859
0.11043286323547363 6548.227600097656
0.14780807495117188 6548.249267578125
0.1956019401550293 6548.276519775391
0.11394214630126953 6548.305816650391
0.11154484748840332 6548.331359863281
0.14510202407836914 6548.353576660156
0.11030125617980957 6548.374847412109
0.110198974609375 6548.395538330078
0.11030006408691406 6548.414978027344
0.11077284812927246 6548.434173583984
0.14516615867614746 6548.453796386719
0.11101293563842773 6548.473297119141
0.11042308807373047 6548.491607666016
0.11034297943115234 6548.507232666016
0.14577817916870117 6548.5030517578125
0.10982298851013184 6548.494232177734
0.11024737358093262 6548.490295410156
0.11107993125915527 6548.4886474609375
0.11026382446289062 6548.488128662109
0.14572525024414062 6548.485809326172
0.11053586006164551 6548.47900390625
0.11143803596496582 6548.467224121094
0.10948896408081055 6548.445465087891
0.14580297470092773 6548.395477294922
0.11016488075256348 6548.344207763672
0.11111092567443848 6548.2972412109375
0.10999488830566406 6548.253143310547
0.11042618751525879 6548.2144775390625
0.144179105758667 6548.181213378906
0.11007809638977051 6548.156219482422
0.12761902809143066 6548.141021728516
0.11084699630737305 6548.139068603516
0.14554405212402344 6548.153594970703
0.11031389236450195 6548.1842041015625
0.10987710952758789 6548.228851318359
0.11013197898864746 6548.274230957031
0.11010098457336426 6548.309265136719
0.14611506462097168 6548.336151123047
0.11074399948120117 6548.358093261719
0.11039113998413086 6548.375640869141
0.24524688720703125 6548.373291015625
0.14523983001708984 6548.350158691406
0.11033415794372559 6548.338531494141
0.1101679801940918 6548.345489501953
0.10969305038452148 6548.3660888671875
0.11070370674133301 6548.374237060547
0.14676690101623535 6548.373260498047
0.1138761043548584 6548.382598876953
0.10951685905456543 6548.4017333984375
0.1098470687866211 6548.426910400391
0.14131402969360352 6548.445617675781
0.14665484428405762 6548.445007324219
0.11007475852966309 6548.432098388672
0.10997700691223145 6548.4180908203125
0.1095890998840332 6548.410797119141
0.14393329620361328 6548.412109375
0.11046195030212402 6548.416839599609
0.110198974609375 6548.391082763672
0.12775564193725586 6548.335510253906
0.11069488525390625 6548.288787841797
0.14491581916809082 6548.2655029296875
0.11034798622131348 6548.2657470703125
0.11037993431091309 6548.283447265625
0.11064887046813965 6548.308837890625
0.1445481777191162 6548.334716796875
0.11069798469543457 6548.356536865234
0.1110677719116211 6548.357482910156
0.11021995544433594 6548.339294433594
0.11061477661132812 6548.314300537109
0.14566588401794434 6548.290679931641
0.11011600494384766 6548.271240234375
0.11100506782531738 6548.249969482422
0.11082077026367188 6548.2327880859375
0.14512205123901367 6548.2169189453125
0.11011815071105957 6548.199981689453
0.11704587936401367 6548.184051513672
0.10987091064453125 6548.173400878906
0.10988688468933105 6548.172546386719
0.14495205879211426 6548.184967041016
0.11037397384643555 6548.212066650391
0.10960674285888672 6548.253082275391
0.11060190200805664 6548.306671142578
0.1472759246826172 6548.370269775391
0.11123919486999512 6548.439208984375
0.11011290550231934 6548.5045166015625
0.11070108413696289 6548.555938720703
0.12026405334472656 6548.590301513672
0.14579200744628906 6548.6080322265625
0.11097884178161621 6548.615875244141
0.11088800430297852 6548.574005126953
0.1697709560394287 6548.536285400391
0.17103910446166992 6548.517974853516
0.10991311073303223 6548.486145019531
0.11056113243103027 6548.468017578125
0.11084175109863281 6548.4210205078125
0.11054396629333496 6548.337646484375
0.14593839645385742 6548.268493652344
0.11090469360351562 6548.227233886719
0.11050701141357422 6548.218170166016
0.11101603507995605 6548.238372802734
0.1454010009765625 6548.278289794922
0.11082720756530762 6548.3133544921875
0.11173415184020996 6548.331085205078
0.11455106735229492 6548.327453613281
0.11065292358398438 6548.310974121094
0.15086793899536133 6548.285095214844
0.12010908126831055 6548.242431640625
0.1159219741821289 6548.197082519531
0.11099815368652344 6548.1583251953125
0.11112713813781738 6548.1318359375
0.14541006088256836 6548.124450683594
0.11847496032714844 6548.124481201172
0.11077380180358887 6548.128875732422
0.11009478569030762 6548.137176513672
0.14687418937683105 6548.150695800781
0.11081504821777344 6548.1715087890625
0.11118102073669434 6548.2001953125
0.11159801483154297 6548.236114501953
0.11074185371398926 6548.2755126953125
0.14475703239440918 6548.318908691406
0.11106705665588379 6548.364654541016
0.11091923713684082 6548.410125732422
0.11287093162536621 6548.452453613281
0.14493012428283691 6548.489532470703
0.1108100414276123 6548.5205078125
0.1104271411895752 6548.545440673828
0.11145329475402832 6548.564666748047
0.11118912696838379 6548.578521728516
0.14641189575195312 6548.587341308594
0.11026191711425781 6548.5914306640625
0.1110079288482666 6548.590911865234
0.11673879623413086 6548.573455810547
0.145859956741333 6548.543640136719
0.11069893836975098 6548.5098876953125
0.10975813865661621 6548.4588623046875
0.11066198348999023 6548.413024902344
0.11109089851379395 6548.3370361328125
0.1457362174987793 6548.262512207031
0.11086511611938477 6548.212371826172
0.11296892166137695 6548.192626953125
0.11067795753479004 6548.202362060547
0.1466832160949707 6548.234558105469
0.11098623275756836 6548.279296875
0.11047720909118652 6548.326629638672
0.11119222640991211 6548.362518310547
0.11074709892272949 6548.361389160156
0.14517498016357422 6548.325775146484
0.10991692543029785 6548.2789306640625
0.11052608489990234 6548.239837646484
0.11073613166809082 6548.216613769531
0.1453571319580078 6548.207733154297
0.11100220680236816 6548.207183837891
0.11044192314147949 6548.208312988281
0.11084175109863281 6548.207977294922
0.1099250316619873 6548.205871582031
0.15228700637817383 6548.203948974609
0.11153411865234375 6548.2049560546875
0.11095619201660156 6548.210601806641
0.11029410362243652 6548.221771240234
0.11720895767211914 6548.238037109375
0.1465299129486084 6548.258148193359
0.10998201370239258 6548.281097412109
0.11053204536437988 6548.306427001953
0.11018085479736328 6548.332580566406
0.1469120979309082 6548.359375
0.11043095588684082 6548.386016845703
0.1395430564880371 6548.411773681641
0.11511516571044922 6548.435607910156
0.11039376258850098 6548.4564208984375
0.14567923545837402 6548.473724365234
0.11164116859436035 6548.48583984375
0.11112594604492188 6548.493988037109
0.11678385734558105 6548.498321533203
0.14536118507385254 6548.499664306641
0.11135292053222656 6548.498046875
0.11100220680236816 6548.493988037109
0.1117391586303711 6548.487762451172
0.11242222785949707 6548.480133056641
0.1453390121459961 6548.471252441406
0.11094403266906738 6548.407409667969
0.11072897911071777 6548.333160400391
0.11068916320800781 6548.287994384766
0.1459519863128662 6548.277069091797
0.10985803604125977 6548.292419433594
0.11026501655578613 6548.318908691406
0.11008691787719727 6548.341705322266
0.11030077934265137 6548.351776123047
0.14557886123657227 6548.3470458984375
0.11026477813720703 6548.331787109375
0.10989904403686523 6548.311584472656
0.11010384559631348 6548.294708251953
0.14600205421447754 6548.280914306641
0.1105799674987793 6548.270294189453
0.10990476608276367 6548.264190673828
0.1103980541229248 6548.262725830078
0.149871826171875 6548.264801025391
0.3122742176055908 6548.2674560546875
0.1936640739440918 6548.269195556641
0.13198208808898926 6548.2684326171875
0.7023098468780518 6548.264007568359
0.6426377296447754 6548.255615234375
0.4319629669189453 6548.244171142578
0.33707594871520996 6548.231170654297
0.3982830047607422 6548.219390869141
0.11185503005981445 6548.211486816406
0.14623403549194336 6548.2109375
0.11149191856384277 6548.221282958984
0.21818304061889648 6548.245025634766
0.1117701530456543 6548.283416748047
0.11304712295532227 6548.335510253906
0.14632272720336914 6548.396789550781
0.11184000968933105 6548.460601806641
0.11232519149780273 6548.518493652344
0.11118698120117188 6548.563232421875
0.14641880989074707 6548.589111328125
0.11310505867004395 6548.537261962891
0.1122124195098877 6548.464569091797
0.11073994636535645 6548.414703369141
0.11151885986328125 6548.398986816406
0.14713597297668457 6548.416564941406
0.1103663444519043 6548.454620361328
0.24385309219360352 6548.466857910156
0.11632704734802246 6548.4345703125
0.15337109565734863 6548.359954833984
0.11220407485961914 6548.216735839844
0.11102485656738281 6548.106170654297
0.11070895195007324 6548.065399169922
0.11031293869018555 6548.097015380859
0.14619898796081543 6548.187530517578
0.11162233352661133 6548.307800292969
0.11316204071044922 6548.430114746094
0.11278891563415527 6548.532928466797
0.14713406562805176 6548.588958740234
0.11169290542602539 6548.586944580078
0.11133599281311035 6548.5509033203125
0.1127009391784668 6548.500183105469
0.11092901229858398 6548.359710693359
0.14530086517333984 6548.231292724609
0.11299705505371094 6548.154388427734
0.1109621524810791 6548.12841796875
0.11086201667785645 6548.148498535156
0.14611482620239258 6548.1884765625
0.13486480712890625 6548.232727050781
0.11107015609741211 6548.264404296875
0.11217617988586426 6548.281005859375
0.11130905151367188 6548.283447265625
0.14571785926818848 6548.274322509766
0.11029934883117676 6548.244110107422
0.11434197425842285 6548.210845947266
0.1305229663848877 6548.191192626953
0.1509549617767334 6548.191192626953
0.1512010097503662 6548.209808349609
0.1298511028289795 6548.241058349609
0.14502191543579102 6548.279479980469
0.11309075355529785 6548.320892333984
0.17882204055786133 6548.363586425781
0.13708114624023438 6548.40576171875
0.11055684089660645 6548.449645996094
0.11078286170959473 6548.493896484375
0.12946510314941406 6548.531646728516
0.1707470417022705 6548.553436279297
0.13895297050476074 6548.556060791016
0.1535930633544922 6548.543518066406
0.11232900619506836 6548.523590087891
0.18694496154785156 6548.502655029297
0.14876914024353027 6548.483856201172
0.1112370491027832 6548.466949462891
0.11039376258850098 6548.397369384766
0.11079978942871094 6548.306488037109
0.14723682403564453 6548.240692138672
0.2284562587738037 6548.205383300781
0.11262202262878418 6548.201446533203
0.11158895492553711 6548.2161865234375
0.14514875411987305 6548.238922119141
0.11079907417297363 6548.25634765625
0.13675904273986816 6548.265350341797
0.1120607852935791 6548.265106201172
0.11220622062683105 6548.261138916016
0.1459348201751709 6548.259368896484
0.11105728149414062 6548.2657470703125
0.1103670597076416 6548.284088134766
0.11077523231506348 6548.315246582031
0.14591479301452637 6548.357025146484
0.1108400821685791 6548.4029541015625
0.11040306091308594 6548.441436767578
0.12353515625 6548.463317871094
0.11141824722290039 6548.470855712891
0.1541898250579834 6548.471282958984
0.1351468563079834 6548.4696044921875
0.11037898063659668 6548.468414306641
0.11140298843383789 6548.421112060547
0.14547514915466309 6548.327056884766
0.11014795303344727 6548.255798339844
0.11775994300842285 6548.227874755859
0.11197066307067871 6548.242156982422
0.1106870174407959 6548.28857421875
0.14452075958251953 6548.347351074219
0.11001086235046387 6548.401702880859
0.11082911491394043 6548.406280517578
0.11060094833374023 6548.360565185547
0.14536714553833008 6548.295989990234
0.11202788352966309 6548.236633300781
0.15096402168273926 6548.17578125
0.24161314964294434 6548.126190185547
0.15372276306152344 6548.093841552734
0.15520596504211426 6548.087554931641
0.13117384910583496 6548.113616943359
0.13216519355773926 6548.158935546875
0.11363101005554199 6548.212341308594
0.11284017562866211 6548.251251220703
0.14879107475280762 6548.269287109375
0.1112971305847168 6548.275390625
0.1426241397857666 6548.282928466797
0.15399408340454102 6548.298156738281
0.1464550495147705 6548.323211669922
0.14312195777893066 6548.3555908203125
0.21991705894470215 6548.392181396484
0.11057901382446289 6548.430206298828
0.11118793487548828 6548.469543457031
0.1448209285736084 6548.510070800781
0.11105513572692871 6548.550079345703
0.1130979061126709 6548.583099365234
0.11052799224853516 6548.6021728515625
0.14528107643127441 6548.606231689453
0.11048507690429688 6548.600738525391
0.11219501495361328 6548.591705322266
0.11127400398254395 6548.577453613281
0.10967111587524414 6548.540374755859
0.14604496955871582 6548.5028076171875
0.11073803901672363 6548.447113037109
0.13375496864318848 6548.355560302734
0.1127629280090332 6548.2744140625
0.14602875709533691 6548.218048095703
0.1104731559753418 6548.193267822266
0.11102128028869629 6548.2001953125
0.11116695404052734 6548.232513427734
0.12885093688964844 6548.2806396484375
0.1470191478729248 6548.333465576172
0.11291980743408203 6548.370025634766
0.11067795753479004 6548.374114990234
0.11059188842773438 6548.3485107421875
0.14643001556396484 6548.303649902344
0.11044716835021973 6548.2535400390625
0.11128783226013184 6548.210754394531
0.11102795600891113 6548.183624267578
0.11075592041015625 6548.1732177734375
0.14617204666137695 6548.178161621094
0.11140823364257812 6548.193420410156
0.1112060546875 6548.213439941406
0.11110520362854004 6548.2337646484375
0.1457369327545166 6548.252258300781
0.11138796806335449 6548.264953613281
0.1103203296661377 6548.267303466797
0.1109170913696289 6548.265106201172
0.11035704612731934 6548.2655029296875
0.14581298828125 6548.2734375
0.1105659008026123 6548.289367675781
0.10998296737670898 6548.311706542969
0.11096811294555664 6548.337341308594
0.11035490036010742 6548.363067626953
0.14732789993286133 6548.387023925781
0.10983920097351074 6548.408843994141
0.14096903800964355 6548.428924560547
0.1611499786376953 6548.448059082031
0.20502924919128418 6548.466156005859
0.1160891056060791 6548.482391357422
0.18486618995666504 6548.495056152344
0.2753641605377197 6548.502838134766
0.13342595100402832 6548.504577636719
0.16280603408813477 6548.500427246094
0.14496588706970215 6548.491119384766
0.11354494094848633 6548.476654052734
0.14810776710510254 6548.458648681641
0.15074706077575684 6548.4384765625
0.16280293464660645 6548.416748046875
0.18231916427612305 6548.362243652344
0.21000385284423828 6548.2783203125
0.1904597282409668 6548.208923339844
0.19614815711975098 6548.162536621094
0.1533830165863037 6548.145812988281
0.18767905235290527 6548.154083251953
0.11100912094116211 6548.1783447265625
0.1460258960723877 6548.2078857421875
0.11619782447814941 6548.233703613281
0.11153221130371094 6548.250732421875
0.11117196083068848 6548.258453369141
0.11008882522583008 6548.260009765625
0.17629075050354004 6548.260833740234
0.1130058765411377 6548.266815185547
0.11049389839172363 6548.280120849609
0.1111297607421875 6548.295074462891
0.14581012725830078 6548.306945800781
0.11089205741882324 6548.317138671875
0.17612481117248535 6548.327728271484
0.11061668395996094 6548.340240478516
0.11069011688232422 6548.354736328125
0.1457381248474121 6548.3720703125
0.11028790473937988 6548.390960693359
0.10977292060852051 6548.412048339844
0.11160397529602051 6548.4354248046875
0.1495199203491211 6548.459503173828
0.11634206771850586 6548.482635498047
0.11238694190979004 6548.485534667969
0.11021208763122559 6548.458526611328
0.10999608039855957 6548.4298095703125
0.14622998237609863 6548.417999267578
0.11090517044067383 6548.4241943359375
0.15988397598266602 6548.447082519531
0.1430349349975586 6548.478546142578
0.14262914657592773 6548.509521484375
0.15165114402770996 6548.523529052734
0.12639784812927246 6548.481689453125
0.17055201530456543 6548.393280029297
0.12632989883422852 6548.305480957031
0.17313718795776367 6548.229095458984
0.11086583137512207 6548.179748535156
0.11149191856384277 6548.159759521484
0.11042165756225586 6548.164978027344
0.12278413772583008 6548.185760498047
0.15947222709655762 6548.21044921875
0.11168885231018066 6548.2298583984375
0.13779997825622559 6548.238616943359
0.12898015975952148 6548.236114501953
0.16434097290039062 6548.225036621094
0.1402900218963623 6548.211883544922
0.37228894233703613 6548.2039794921875
0.13354206085205078 6548.207336425781
0.1569230556488037 6548.221771240234
0.15164780616760254 6548.241760253906
0.10997724533081055 6548.263977050781
0.11986994743347168 6548.2857666015625
0.14300179481506348 6548.306915283203
0.14967703819274902 6548.327911376953
0.1645500659942627 6548.349761962891
0.1346428394317627 6548.3734130859375
0.2866487503051758 6548.399200439453
0.2558019161224365 6548.427001953125
0.14613890647888184 6548.456085205078
0.11003899574279785 6548.484558105469
0.11279582977294922 6548.509857177734
0.10995912551879883 6548.529937744141
0.14507007598876953 6548.5433349609375
0.11035704612731934 6548.543365478516
0.10979485511779785 6548.520294189453
0.11106204986572266 6548.484436035156
0.11026501655578613 6548.45654296875
0.14636588096618652 6548.4403076171875
0.10975408554077148 6548.438293457031
0.10987114906311035 6548.446990966797
0.1112971305847168 6548.447204589844
0.14586687088012695 6548.406219482422
0.11062884330749512 6548.3297119140625
0.11030387878417969 6548.25244140625
0.11008715629577637 6548.186126708984
0.11715507507324219 6548.142974853516
0.1454782485961914 6548.127502441406
0.10899925231933594 6548.136779785156
0.11002492904663086 6548.1640625
0.1106259822845459 6548.199615478516
0.1099252700805664 6548.233856201172
0.1489121913909912 6548.259826660156
0.11005687713623047 6548.273773193359
0.10953211784362793 6548.276275634766
0.10913491249084473 6548.271514892578
0.15204381942749023 6548.265289306641
0.1110069751739502 6548.2637939453125
0.10981607437133789 6548.270751953125
0.10994195938110352 6548.284240722656
0.1098177433013916 6548.300567626953
0.14588308334350586 6548.317108154297
0.10969090461730957 6548.332122802734
0.10985493659973145 6548.344635009766
0.11082887649536133 6548.355285644531
0.14498591423034668 6548.365539550781
0.10943913459777832 6548.377593994141
0.12494087219238281 6548.392608642578
0.10987520217895508 6548.4112548828125
0.1101677417755127 6548.433898925781
0.14553093910217285 6548.458709716797
0.11102795600891113 6548.482727050781
0.11036419868469238 6548.499938964844
0.1680140495300293 6548.496795654297
0.14516687393188477 6548.474609375
0.10978484153747559 6548.453643798828
0.11028909683227539 6548.4403076171875
0.1097559928894043 6548.439453125
0.11140584945678711 6548.451202392578
0.14462518692016602 6548.4705810546875
0.10976505279541016 6548.479461669922
0.10980105400085449 6548.451904296875
0.10992622375488281 6548.3887939453125
0.14563918113708496 6548.312805175781
0.13815808296203613 6548.237579345703
0.11129999160766602 6548.176086425781
0.11670303344726562 6548.137237548828
0.13206195831298828 6548.1241455078125
0.1470048427581787 6548.134948730469
0.11188101768493652 6548.163055419922
0.11168193817138672 6548.199462890625
0.13999176025390625 6548.235198974609
0.22425603866577148 6548.262939453125
0.11654496192932129 6548.278228759766
0.11081385612487793 6548.280242919922
0.11338281631469727 6548.271820068359
0.12373685836791992 6548.256561279297
0.14600801467895508 6548.240203857422
0.12835288047790527 6548.231140136719
0.1284773349761963 6548.2354736328125
0.1857309341430664 6548.255615234375
0.2309398651123047 6548.289306640625
0.2081470489501953 6548.33203125
0.17081499099731445 6548.377044677734
0.1927781105041504 6548.418121337891
0.11697006225585938 6548.450988769531
0.1470181941986084 6548.474517822266
0.11030173301696777 6548.489898681641
0.11122322082519531 6548.500152587891
0.11138510704040527 6548.508483886719
0.2816760540008545 6548.517242431641
0.15007996559143066 6548.520172119141
0.1119849681854248 6548.507171630859
0.11071205139160156 6548.487152099609
0.1331009864807129 6548.468505859375
0.1563432216644287 6548.455810546875
0.11297798156738281 6548.450958251953
0.11256194114685059 6548.452545166016
0.11152315139770508 6548.451385498047
0.11025500297546387 6548.428161621094
0.1453559398651123 6548.3709716796875
0.14086294174194336 6548.296722412109
0.11034178733825684 6548.2177734375
0.11002182960510254 6548.145812988281
0.23993778228759766 6548.092346191406
0.10949087142944336 6548.064666748047
0.1108391284942627 6548.065185546875
0.11290597915649414 6548.091461181641
0.1263270378112793 6548.137634277344
0.1452808380126953 6548.195404052734
0.10998678207397461 6548.255310058594
0.10940408706665039 6548.308013916016
0.10987687110900879 6548.347229003906
0.14551210403442383 6548.368072509766
0.10976314544677734 6548.367523193359
0.10941600799560547 6548.347381591797
0.11020898818969727 6548.3155517578125
0.1232459545135498 6548.283752441406
0.1458418369293213 6548.2628173828125
0.1094961166381836 6548.261322021484
0.10965585708618164 6548.282043457031
0.10965800285339355 6548.322662353516
0.14981770515441895 6548.376556396484
0.11017608642578125 6548.4342041015625
0.11004114151000977 6548.486083984375
0.10969877243041992 6548.524108886719
0.10991978645324707 6548.543151855469
0.14509320259094238 6548.5443115234375
0.11054706573486328 6548.531433105469
0.10956192016601562 6548.507659912109
0.1110231876373291 6548.473480224609
0.14884305000305176 6548.438171386719
0.1097569465637207 6548.410919189453
0.10941505432128906 6548.396728515625
0.10981512069702148 6548.399139404297
0.11673307418823242 6548.4158935546875
0.14513373374938965 6548.430603027344
0.11029505729675293 6548.422515869141
0.10986614227294922 6548.396240234375
0.11029505729675293 6548.354797363281
0.10992932319641113 6548.302459716797
0.14615130424499512 6548.2449951171875
0.11078596115112305 6548.188995361328
0.1096503734588623 6548.141326904297
0.10970759391784668 6548.1077880859375
0.14495587348937988 6548.0916748046875
0.11066102981567383 6548.094390869141
0.11011409759521484 6548.114654541016
0.1569380760192871 6548.149139404297
0.1096799373626709 6548.193145751953
0.14524602890014648 6548.241424560547
0.1096189022064209 6548.288604736328
0.10981369018554688 6548.326934814453
0.10954475402832031 6548.349945068359
0.1449909210205078 6548.353790283203
0.11015796661376953 6548.340484619141
0.10959792137145996 6548.315826416016
0.11063814163208008 6548.288848876953
0.10983085632324219 6548.269744873047
0.14549493789672852 6548.265045166016
0.11024975776672363 6548.281097412109
0.10989689826965332 6548.319763183594
0.1098940372467041 6548.3790283203125
0.14580488204956055 6548.453430175781
0.11618399620056152 6548.5335693359375
0.11025285720825195 6548.6080322265625
0.10951781272888184 6548.664611816406
0.1096961498260498 6548.692474365234
0.14524197578430176 6548.687683105469
0.1101229190826416 6548.6552734375
0.10996675491333008 6548.601623535156
0.11384391784667969 6548.535339355469
0.14515304565429688 6548.466400146484
0.2596118450164795 6548.405120849609
0.11006999015808105 6548.356597900391
0.11017394065856934 6548.312591552734
0.10976910591125488 6548.2625732421875
0.14580488204956055 6548.2139892578125
0.11011409759521484 6548.170227050781
0.11036181449890137 6548.135803222656
0.11003804206848145 6548.112945556641
0.14528107643127441 6548.102752685547
0.11017012596130371 6548.104797363281
0.11024689674377441 6548.117950439453
0.11028003692626953 6548.139923095703
0.12294173240661621 6548.166046142578
0.15588617324829102 6548.193939208984
0.11245107650756836 6548.220703125
0.10976815223693848 6548.244049072266
0.11101675033569336 6548.262939453125
0.11076021194458008 6548.277160644531
0.14519977569580078 6548.28662109375
0.11357498168945312 6548.290435791016
0.11034297943115234 6548.289306640625
0.10982513427734375 6548.284851074219
0.14487862586975098 6548.280090332031
0.11046910285949707 6548.278350830078
0.1098778247833252 6548.282257080078
0.11041402816772461 6548.293762207031
0.10973381996154785 6548.313537597656
0.1452500820159912 6548.341644287109
0.12495589256286621 6548.377380371094
0.11027097702026367 6548.4189453125
0.10992217063903809 6548.463958740234
0.14625096321105957 6548.507659912109
0.10980606079101562 6548.5469970703125
0.10949015617370605 6548.579254150391
0.10951495170593262 6548.601501464844
0.10993504524230957 6548.612243652344
0.14574599266052246 6548.611145019531
0.11021304130554199 6548.598846435547
0.11042308807373047 6548.576080322266
0.10980486869812012 6548.545745849609
0.1450510025024414 6548.511413574219
0.11064600944519043 6548.4764404296875
0.10963606834411621 6548.440704345703
0.11078405380249023 6548.397857666016
0.11078500747680664 6548.347961425781
0.1457228660583496 6548.294982910156
0.12356400489807129 6548.243103027344
0.113983154296875 6548.196960449219
0.11067605018615723 6548.159759521484
0.14592218399047852 6548.134338378906
0.11059689521789551 6548.121643066406
0.11011195182800293 6548.12158203125
0.11068415641784668 6548.132568359375
0.1106710433959961 6548.152252197266
0.14564800262451172 6548.177337646484
0.11867070198059082 6548.204895019531
0.12566494941711426 6548.231597900391
0.11069583892822266 6548.253204345703
0.14588403701782227 6548.2684326171875
0.11346817016601562 6548.276153564453
0.10989809036254883 6548.276397705078
0.36809802055358887 6548.269287109375
0.11212587356567383 6548.256683349609
0.17042994499206543 6548.241943359375
0.13141727447509766 6548.227294921875
0.11093807220458984 6548.217315673828
0.11157989501953125 6548.216156005859
0.5344271659851074 6548.226165771484
0.2135908603668213 6548.2486572265625
0.11137795448303223 6548.283843994141
0.11293911933898926 6548.330718994141
0.11259293556213379 6548.387634277344
0.14508414268493652 6548.450836181641
0.1266920566558838 6548.514984130859
0.11378121376037598 6548.574249267578
0.11125874519348145 6548.622344970703
0.11086058616638184 6548.654571533203
0.14635705947875977 6548.66845703125
0.11013913154602051 6548.663513183594
0.11087393760681152 6548.641052246094
0.11035299301147461 6548.604187011719
0.14456605911254883 6548.556579589844
0.11448073387145996 6548.503662109375
0.21974802017211914 6548.4500732421875
0.17949819564819336 6548.402435302734
0.15984582901000977 6548.361267089844
0.30232977867126465 6548.320404052734
0.22199773788452148 6548.2784423828125
0.15563392639160156 6548.239318847656
0.13617515563964844 6548.206146240234
0.1457221508026123 6548.179840087891
0.11167788505554199 6548.162139892578
0.12390494346618652 6548.153656005859
0.13285517692565918 6548.1541748046875
0.1453380584716797 6548.1624755859375
0.1465930938720703 6548.176696777344
0.23438501358032227 6548.194885253906
0.2602360248565674 6548.214752197266
0.4615142345428467 6548.233825683594
0.6287460327148438 6548.2501220703125
0.11249899864196777 6548.261993408203
0.12312102317810059 6548.269348144531
0.13282108306884766 6548.271911621094
0.14632225036621094 6548.27099609375
0.14610719680786133 6548.267852783203
0.13537096977233887 6548.263763427734
0.13036203384399414 6548.2601318359375
0.16529464721679688 6548.258270263672
0.24013495445251465 6548.2603759765625
0.2355027198791504 6548.266998291016
0.13022089004516602 6548.278839111328
0.157667875289917 6548.296722412109
0.11798501014709473 6548.32080078125
0.1526482105255127 6548.3505859375
0.16619324684143066 6548.385406494141
0.18730807304382324 6548.424346923828
0.1703038215637207 6548.464569091797
0.12389516830444336 6548.504577636719
0.1513688564300537 6548.542236328125
0.15392422676086426 6548.5738525390625
0.16592717170715332 6548.596343994141
0.19863080978393555 6548.608856201172
0.15401029586791992 6548.611541748047
0.12457489967346191 6548.605010986328
0.23969531059265137 6548.5894775390625
0.1441819667816162 6548.565155029297
0.6542890071868896 6548.5333251953125
0.20703792572021484 6548.495574951172
0.12323307991027832 6548.451080322266
0.11503267288208008 6548.3983154296875
0.11031603813171387 6548.3363037109375
0.1463329792022705 6548.2667236328125
0.13026213645935059 6548.1943359375
0.11317825317382812 6548.125152587891
0.11110186576843262 6548.0660400390625
0.11805105209350586 6548.022064208984
0.1459190845489502 6547.997314453125
0.11333775520324707 6547.994140625
0.13019013404846191 6548.012786865234
0.13097286224365234 6548.051910400391
0.15423083305358887 6548.108856201172
0.1308290958404541 6548.1795654296875
0.12277722358703613 6548.257019042969
0.12816905975341797 6548.333557128906
0.13330292701721191 6548.40087890625
0.1530780792236328 6548.449615478516
0.11072897911071777 6548.472991943359
0.1268460750579834 6548.468231201172
0.13029026985168457 6548.437194824219
0.14750123023986816 6548.386688232422
0.131361722946167 6548.326965332031
0.17259526252746582 6548.271087646484
0.11217308044433594 6548.2313232421875
0.11202216148376465 6548.217468261719
0.14556598663330078 6548.234893798828
