0.1046452522277832 5387.912322998047
0.0951848030090332 5519.907302856445
0.12381792068481445 5653.480560302734
0.17400527000427246 5788.370681762695
0.12570691108703613 5924.650344848633
0.09190797805786133 6063.466705322266
0.0926198959350586 6204.742706298828
0.12217283248901367 6347.785247802734
0.09185194969177246 6492.457855224609
0.11994218826293945 6637.668487548828
0.09273910522460938 6781.581481933594
0.12064480781555176 6925.7066650390625
0.15476679801940918 7069.182678222656
0.10100817680358887 7210.119445800781
0.09067702293395996 7346.553955078125
0.09110713005065918 7479.673553466797
0.09139490127563477 7612.605010986328
0.12217116355895996 7746.2723388671875
0.13015294075012207 7879.615264892578
0.1194911003112793 8006.465423583984
0.09060478210449219 8094.744049072266
0.08999395370483398 8155.614685058594
0.11958670616149902 8196.79263305664
0.0899808406829834 8228.929748535156
0.11972999572753906 8253.087615966797
0.09720087051391602 8277.214263916016
0.12001895904541016 8293.294464111328
0.09385800361633301 8302.649200439453
0.10317277908325195 8311.967041015625
0.12110304832458496 8314.519897460938
0.09036803245544434 8318.971923828125
0.0911872386932373 8324.551940917969
0.09113502502441406 8330.371215820312
0.09061813354492188 8335.379211425781
0.12067818641662598 8337.189178466797
0.09050202369689941 8337.505126953125
0.09117603302001953 8336.994659423828
0.11981415748596191 8336.376678466797
0.11915802955627441 8336.28939819336
0.12042093276977539 8336.706848144531
0.09071898460388184 8337.215515136719
0.12019491195678711 8337.746795654297
0.09066915512084961 8338.324310302734
0.09133005142211914 8338.854187011719
0.12157487869262695 8339.251708984375
0.09092211723327637 8339.537536621094
0.11969900131225586 8339.781311035156
0.09069490432739258 8340.045227050781
0.09001588821411133 8340.313995361328
0.08878302574157715 8340.634399414062
0.08968305587768555 8341.025115966797
0.11613988876342773 8341.492553710938
0.09006404876708984 8341.982482910156
0.09186601638793945 8342.356018066406
0.1179499626159668 8342.603057861328
0.09141016006469727 8342.803588867188
0.11688876152038574 8342.965057373047
0.10462570190429688 8343.091766357422
0.14220404624938965 8343.147155761719
0.13000988960266113 8343.093231201172
0.09568119049072266 8342.989166259766
0.12470507621765137 8342.911895751953
0.09548020362854004 8342.902374267578
0.12083911895751953 8342.97216796875
0.09206199645996094 8343.105041503906
0.10681295394897461 8343.266632080078
0.09144306182861328 8343.422241210938
0.09053587913513184 8343.547668457031
0.11710262298583984 8343.635711669922
0.08990073204040527 8343.693542480469
0.09078192710876465 8343.73226928711
0.11818981170654297 8343.766876220703
0.09039306640625 8343.812561035156
0.09147000312805176 8343.878204345703
0.11957931518554688 8343.964416503906
0.09054088592529297 8344.064819335938
0.11549901962280273 8344.169830322266
0.08769392967224121 8344.270294189453
0.11395883560180664 8344.36166381836
0.0899040699005127 8344.44384765625
0.08786892890930176 8344.520782470703
0.11371016502380371 8344.598052978516
0.08645200729370117 8344.679870605469
0.08609795570373535 8344.769256591797
0.08721113204956055 8344.865356445312
0.08594179153442383 8344.966186523438
0.11258792877197266 8345.06900024414
0.08636903762817383 8345.170623779297
0.08612513542175293 8345.27001953125
0.11269307136535645 8345.367492675781
0.08546900749206543 8345.464141845703
0.11272192001342773 8345.561340332031
0.11614274978637695 8345.660247802734
0.11299991607666016 8345.761749267578
0.08711504936218262 8345.85757446289
0.08557009696960449 8345.920715332031
0.1127021312713623 8345.962341308594
0.08482789993286133 8345.98355102539
0.11259913444519043 8345.99951171875
0.08511686325073242 8346.01577758789
0.08436298370361328 8346.032409667969
0.0848391056060791 8346.050201416016
0.08452987670898438 8346.06884765625
0.12049198150634766 8346.088439941406
0.09056210517883301 8346.10922241211
0.09064292907714844 8346.130340576172
0.1206972599029541 8346.151336669922
0.19761109352111816 8346.172271728516
0.1192011833190918 8346.192504882812
0.09043502807617188 8346.211822509766
0.0905158519744873 8346.226196289062
0.12004613876342773 8346.23178100586
0.09017491340637207 8346.22998046875
0.11977005004882812 8346.225799560547
0.09036493301391602 8346.22378540039
0.11958503723144531 8346.225341796875
0.09060311317443848 8346.22964477539
0.09660792350769043 8346.233642578125
0.09116792678833008 8346.234008789062
0.09069418907165527 8346.223541259766
0.10912775993347168 8346.189575195312
0.12247681617736816 8346.146240234375
0.0904848575592041 8346.101043701172
0.11996793746948242 8346.05728149414
0.09098005294799805 8346.028686523438
0.09067797660827637 8346.021514892578
0.11982011795043945 8346.031494140625
0.09017777442932129 8346.048522949219
0.11986684799194336 8346.055877685547
0.09084129333496094 8346.050354003906
0.11864709854125977 8346.042358398438
0.09086179733276367 8346.043670654297
0.09021782875061035 8346.061767578125
0.12035489082336426 8346.09732055664
0.0916140079498291 8346.146881103516
0.21187090873718262 8346.201721191406
0.09044885635375977 8346.254119873047
0.09058022499084473 8346.299224853516
0.11926817893981934 8346.32095336914
0.09033322334289551 8346.297302246094
0.0902259349822998 8346.227264404297
0.1195220947265625 8346.179992675781
0.09052801132202148 8346.19189453125
0.11939215660095215 8346.258483886719
0.09077191352844238 8346.356536865234
0.11935997009277344 8346.435943603516
0.09039092063903809 8346.458740234375
0.09707403182983398 8346.426727294922
0.12184810638427734 8346.366088867188
0.09082865715026855 8346.305847167969
0.11980295181274414 8346.267272949219
0.09052085876464844 8346.248291015625
0.0905158519744873 8346.247741699219
0.09124588966369629 8346.249145507812
0.0904240608215332 8346.238647460938
0.12045407295227051 8346.250183105469
0.09054994583129883 8346.294860839844
0.11757206916809082 8346.360473632812
0.12002801895141602 8346.41244506836
0.09041905403137207 8346.458068847656
0.11990094184875488 8346.500671386719
0.09069299697875977 8346.531677246094
0.09107613563537598 8346.546081542969
0.12148785591125488 8346.54638671875
0.10668420791625977 8346.540130615234
0.11874890327453613 8346.53482055664
0.09066915512084961 8346.534271240234
0.12033891677856445 8346.50927734375
0.09032917022705078 8346.422393798828
0.09118175506591797 8346.328186035156
0.09084606170654297 8346.258270263672
0.0908050537109375 8346.21939086914
0.11982321739196777 8346.207092285156
0.0912628173828125 8346.212799072266
0.10671305656433105 8346.239929199219
0.11970305442810059 8346.283142089844
0.09091520309448242 8346.330200195312
0.09040188789367676 8346.365661621094
0.12237787246704102 8346.379272460938
0.09047222137451172 8346.37026977539
0.11990189552307129 8346.344055175781
0.09034609794616699 8346.309265136719
0.12021923065185547 8346.274444580078
0.09101009368896484 8346.246826171875
0.09059405326843262 8346.230651855469
0.11951112747192383 8346.226379394531
0.09066009521484375 8346.214385986328
0.09050893783569336 8346.197784423828
0.09165406227111816 8346.185028076172
0.09089112281799316 8346.178619384766
0.12037515640258789 8346.179992675781
0.0907137393951416 8346.188690185547
0.09056687355041504 8346.20394897461
0.12156796455383301 8346.223663330078
0.09063291549682617 8346.245422363281
0.12129426002502441 8346.268615722656
0.09049487113952637 8346.292175292969
0.12059402465820312 8346.316284179688
0.09050440788269043 8346.336303710938
0.09252667427062988 8346.35287475586
0.12043499946594238 8346.365631103516
0.0915367603302002 8346.376953125
0.12081575393676758 8346.392333984375
0.09090113639831543 8346.415283203125
0.09031200408935547 8346.440521240234
0.09074211120605469 8346.4404296875
0.09104299545288086 8346.43765258789
0.12006402015686035 8346.44467163086
0.09049797058105469 8346.458526611328
0.09071207046508789 8346.470611572266
0.11998414993286133 8346.47592163086
0.0903921127319336 8346.467163085938
0.12031102180480957 8346.44369506836
0.09050583839416504 8346.411926269531
0.09015583992004395 8346.379455566406
0.12067770957946777 8346.355255126953
0.09090900421142578 8346.343688964844
0.11967802047729492 8346.3212890625
0.09196710586547852 8346.284057617188
0.11913800239562988 8346.231231689453
0.09393501281738281 8346.19467163086
0.09354090690612793 8346.194152832031
0.0939168930053711 8346.23031616211
0.09097814559936523 8346.296325683594
0.09238600730895996 8346.37954711914
0.12238025665283203 8346.466064453125
0.0906839370727539 8346.542907714844
0.1195211410522461 8346.593719482422
0.09104585647583008 8346.613677978516
0.09169316291809082 8346.611328125
0.12128090858459473 8346.597839355469
0.09105420112609863 8346.578674316406
0.12010908126831055 8346.559967041016
0.09064817428588867 8346.517974853516
0.1199798583984375 8346.40786743164
0.09027910232543945 8346.29476928711
0.09015107154846191 8346.219848632812
0.12015986442565918 8346.191192626953
0.09079504013061523 8346.201171875
0.09051108360290527 8346.202209472656
0.09133219718933105 8346.20297241211
0.0904691219329834 8346.219299316406
0.11997294425964355 8346.245361328125
0.09098982810974121 8346.273162841797
