0.06650805473327637 2737.161331176758
0.05452108383178711 2801.2274780273438
0.054126739501953125 2867.918258666992
0.05449700355529785 2936.2308502197266
0.0555109977722168 3005.6624145507812
0.0545198917388916 3075.5203857421875
0.05386185646057129 3144.8235778808594
0.05408191680908203 3213.7196350097656
0.05517840385437012 3282.6561584472656
0.053594112396240234 3351.7642211914062
0.06576728820800781 3421.068389892578
0.054099082946777344 3490.6746826171875
0.053749799728393555 3560.4223022460938
0.05332183837890625 3630.284454345703
0.053262948989868164 3700.0244140625
0.054611921310424805 3768.28271484375
0.05397486686706543 3834.7522888183594
0.05386996269226074 3901.495880126953
0.053533077239990234 3969.8335571289062
0.05316472053527832 4036.25927734375
0.05541396141052246 4069.6682739257812
0.05370497703552246 4083.998291015625
0.05413484573364258 4093.431182861328
0.0562748908996582 4095.9889221191406
0.07959127426147461 4098.4122314453125
0.05399298667907715 4101.726379394531
0.05327892303466797 4104.3538818359375
0.05361795425415039 4105.900329589844
0.05495285987854004 4105.658843994141
0.05355405807495117 4105.244537353516
0.053589820861816406 4105.0977783203125
0.05371499061584473 4105.320098876953
0.05323004722595215 4105.754852294922
0.053244829177856445 4106.15087890625
0.05316305160522461 4106.494598388672
0.052953243255615234 4106.777893066406
0.05401206016540527 4106.918395996094
0.05294609069824219 4106.843902587891
0.05307793617248535 4106.634857177734
0.05305218696594238 4106.4561767578125
0.0530550479888916 4106.430450439453
0.0529630184173584 4106.581695556641
0.05289173126220703 4106.805908203125
0.053191184997558594 4107.015777587891
0.053376197814941406 4107.083770751953
0.053540945053100586 4106.967590332031
0.05356907844543457 4106.796356201172
0.053581953048706055 4106.7666015625
0.05303001403808594 4106.946472167969
0.05356311798095703 4107.215484619141
0.053320884704589844 4107.360382080078
0.053195953369140625 4107.282409667969
0.08549213409423828 4107.101623535156
0.053098201751708984 4107.053375244141
0.05336809158325195 4107.2591552734375
0.05351090431213379 4107.595520019531
0.053131103515625 4107.803802490234
0.05384397506713867 4107.743438720703
0.05319809913635254 4107.545837402344
0.053663015365600586 4107.497711181641
0.05393099784851074 4107.750335693359
0.054267168045043945 4108.148223876953
0.053987979888916016 4108.3726806640625
0.05352020263671875 4108.249206542969
0.05339503288269043 4107.935852050781
0.05340099334716797 4107.818786621094
0.053731679916381836 4108.0714111328125
0.05377078056335449 4108.478576660156
0.05318188667297363 4108.643371582031
0.05350089073181152 4108.4010009765625
0.05319786071777344 4108.016571044922
0.053829193115234375 4107.931488037109
0.05323386192321777 4108.290618896484
0.05346512794494629 4108.757843017578
0.05363798141479492 4108.850921630859
0.053917884826660156 4108.4599609375
0.0540158748626709 4108.003753662109
0.05430293083190918 4107.9954833984375
0.05408215522766113 4108.47900390625
0.054058074951171875 4108.969085693359
0.05369710922241211 4108.921203613281
0.054624080657958984 4108.355743408203
0.05424308776855469 4107.867462158203
0.05372214317321777 4107.999328613281
0.05356717109680176 4108.564697265625
0.05455422401428223 4108.997344970703
0.053552865982055664 4108.821624755859
0.054499149322509766 4108.1783447265625
0.0535738468170166 4107.748748779297
0.05371809005737305 4108.016906738281
0.054171085357666016 4108.5001220703125
0.05370187759399414 4108.742156982422
0.05397677421569824 4108.563751220703
0.053640127182006836 4108.106140136719
0.053443193435668945 4107.848968505859
0.0534520149230957 4108.081848144531
0.0660238265991211 4108.466461181641
0.05344581604003906 4108.5877685546875
0.053398847579956055 4108.318878173828
0.053605079650878906 4107.920196533203
0.054508209228515625 4107.827362060547
0.054270029067993164 4108.149963378906
0.054259300231933594 4108.5224609375
0.0542140007019043 4108.502258300781
0.05414891242980957 4108.075378417969
0.05405306816101074 4107.7034912109375
0.05430316925048828 4107.819000244141
0.05391693115234375 4108.310455322266
0.08301210403442383 4108.617492675781
0.053733110427856445 4108.3602294921875
0.05403923988342285 4107.804046630859
0.05446004867553711 4107.586364746094
0.054035186767578125 4107.9866943359375
0.054045915603637695 4108.5699462890625
0.053869009017944336 4108.659088134766
0.054219722747802734 4108.125030517578
0.05363297462463379 4107.5721435546875
0.053582191467285156 4107.665130615234
0.054251909255981445 4108.337463378906
0.053555965423583984 4108.833068847656
0.05411100387573242 4108.563903808594
0.053533315658569336 4107.8243408203125
0.05423879623413086 4107.483489990234
0.05354022979736328 4107.983062744141
0.05406308174133301 4108.784454345703
0.053385019302368164 4108.964202880859
0.08128571510314941 4108.294525146484
0.054074764251708984 4107.547576904297
0.05365872383117676 4107.627990722656
0.053366899490356445 4108.4927978515625
0.053507089614868164 4109.167236328125
0.05358123779296875 4108.841064453125
0.05317282676696777 4107.890472412109
0.05350685119628906 4107.4295654296875
0.053481101989746094 4108.037567138672
0.05337786674499512 4109.041351318359
0.05412411689758301 4109.284759521484
0.0537567138671875 4108.4302978515625
0.053389787673950195 4107.498077392578
0.05343985557556152 4107.596466064453
0.0536191463470459 4108.548156738281
0.05393481254577637 4109.3233642578125
0.053540945053100586 4109.014129638672
0.05438804626464844 4107.95556640625
0.05384707450866699 4107.418243408203
0.05333113670349121 4108.028533935547
0.05375075340270996 4108.844665527344
0.05711483955383301 4109.039245605469
0.05399131774902344 4108.500732421875
0.053870201110839844 4107.806610107422
0.05368185043334961 4107.759368896484
0.0535130500793457 4108.350433349609
0.053511857986450195 4108.904602050781
0.053166866302490234 4108.824554443359
0.05378389358520508 4108.182189941406
0.053421974182128906 4107.6961669921875
0.05332612991333008 4107.940277099609
0.05359482765197754 4108.4710693359375
0.05392599105834961 4108.744781494141
0.05351090431213379 4108.514190673828
0.05338001251220703 4108.007110595703
0.053542137145996094 4107.8009033203125
0.053833961486816406 4108.141784667969
0.05376887321472168 4108.592956542969
0.08232975006103516 4108.625
0.05333876609802246 4108.1927490234375
0.053642988204956055 4107.783508300781
0.05328011512756348 4107.879638671875
0.05336499214172363 4108.359466552734
0.05355715751647949 4108.655853271484
0.053344011306762695 4108.403289794922
0.05382084846496582 4107.880218505859
0.05373692512512207 4107.703033447266
0.05374002456665039 4108.090362548828
0.05385422706604004 4108.5836181640625
0.05390477180480957 4108.583160400391
0.05320334434509277 4108.0736083984375
0.0537109375 4107.658172607422
0.05332469940185547 4107.842193603516
0.05343508720397949 4108.413238525391
0.0532069206237793 4108.684722900391
0.053646087646484375 4108.321685791016
0.06398391723632812 4107.757232666016
0.053854942321777344 4107.6787109375
0.053696632385253906 4108.1915283203125
0.05338597297668457 4108.681610107422
0.05440878868103027 4108.554931640625
0.05365705490112305 4107.966094970703
0.053519248962402344 4107.6368408203125
0.0534520149230957 4107.978729248047
0.05360007286071777 4108.583953857422
0.05376601219177246 4108.719940185547
0.053491830825805664 4108.226867675781
0.053785085678100586 4107.716644287109
0.05357789993286133 4107.825164794922
0.053948163986206055 4108.42724609375
0.05342507362365723 4108.791534423828
0.05350089073181152 4108.479339599609
0.053505897521972656 4107.887878417969
0.05385708808898926 4107.757232666016
0.07926821708679199 4108.255187988281
0.054071664810180664 4108.7716064453125
0.05347299575805664 4108.676910400391
0.053318023681640625 4108.103912353516
0.05382394790649414 4107.7757568359375
0.05366206169128418 4108.105072021484
0.05352377891540527 4108.682189941406
0.0533449649810791 4108.79443359375
0.0536801815032959 4108.317291259766
0.05333685874938965 4107.861297607422
0.0534358024597168 4108.000579833984
0.05337405204772949 4108.554901123047
0.053739070892333984 4108.829193115234
0.05301094055175781 4108.4915771484375
0.05378913879394531 4107.983367919922
0.05366706848144531 4107.948883056641
0.05359530448913574 4108.421234130859
0.054131269454956055 4108.795471191406
0.053735971450805664 4108.6058349609375
0.053518056869506836 4108.109924316406
0.08287596702575684 4107.942962646484
0.0538179874420166 4108.3043212890625
0.053997039794921875 4108.7176513671875
0.0534820556640625 4108.6568603515625
0.05359315872192383 4108.215881347656
0.05348610877990723 4107.967346191406
0.05325889587402344 4108.2164306640625
0.05336284637451172 4108.620819091797
0.05351567268371582 4108.654296875
0.053579092025756836 4108.287292480469
0.0536036491394043 4108.0042724609375
0.05334591865539551 4108.1590576171875
0.053655147552490234 4108.525054931641
0.053356170654296875 4108.614654541016
0.05331683158874512 4108.321746826172
0.05946183204650879 4108.039886474609
0.05333876609802246 4108.127014160156
0.053114891052246094 4108.421478271484
0.06006503105163574 4108.532562255859
0.05388021469116211 4108.332122802734
0.05358004570007324 4108.092803955078
0.053665876388549805 4108.122589111328
0.05426979064941406 4108.356842041016
0.05398702621459961 4108.466644287109
0.053640127182006836 4108.308563232422
0.05361008644104004 4108.103179931641
0.053856849670410156 4108.118316650391
0.053655147552490234 4108.31005859375
0.05365395545959473 4108.40283203125
0.05321669578552246 4108.273376464844
0.053275108337402344 4108.104736328125
0.05385017395019531 4108.118743896484
0.053774118423461914 4108.2745361328125
0.05588197708129883 4108.343597412109
0.05387997627258301 4108.2333984375
0.053399085998535156 4108.101531982422
0.05380511283874512 4108.1221923828125
0.05332684516906738 4108.247528076172
0.05358624458312988 4108.290954589844
0.05351972579956055 4108.194793701172
0.05421590805053711 4108.098175048828
0.05344796180725098 4108.128570556641
0.053314924240112305 4108.2271728515625
0.05306077003479004 4108.246673583984
0.0537419319152832 4108.163757324219
0.05376267433166504 4108.100189208984
0.0536952018737793 4108.139862060547
0.05350518226623535 4108.214630126953
0.06564784049987793 4108.214508056641
0.05362272262573242 4108.146697998047
0.054112911224365234 4108.113861083984
0.05383110046386719 4108.159698486328
0.05393099784851074 4108.212707519531
0.053991079330444336 4108.1995849609375
0.05389595031738281 4108.14990234375
0.05347895622253418 4108.143402099609
0.08274626731872559 4108.190490722656
0.054075002670288086 4108.224060058594
0.05383491516113281 4108.204803466797
0.0542597770690918 4108.175262451172
0.053581953048706055 4108.188751220703
0.05342817306518555 4108.231018066406
0.05373692512512207 4108.247955322266
0.05371284484863281 4108.229217529297
0.053292036056518555 4108.218475341797
0.05353808403015137 4108.2431640625
0.0534510612487793 4108.275543212891
0.05347704887390137 4108.280303955078
0.05369210243225098 4108.267578125
0.05347728729248047 4108.272613525391
0.05380892753601074 4108.300384521484
0.05344891548156738 4108.321319580078
0.053606271743774414 4108.319671630859
0.05345511436462402 4108.315124511719
0.054190874099731445 4108.328460693359
0.05366086959838867 4108.349822998047
0.05388617515563965 4108.356903076172
0.05318570137023926 4108.3502197265625
0.05368781089782715 4108.349182128906
0.0532989501953125 4108.359802246094
0.05366683006286621 4108.367156982422
0.05378222465515137 4108.3604736328125
0.053812265396118164 4108.349395751953
0.07982373237609863 4108.346984863281
0.05372810363769531 4108.349090576172
0.05372810363769531 4108.3433837890625
0.05339765548706055 4108.329071044922
0.053637027740478516 4108.3157958984375
0.05378007888793945 4108.307220458984
0.053626060485839844 4108.295959472656
0.053536176681518555 4108.278015136719
0.054054975509643555 4108.230987548828
0.05370283126831055 4108.188201904297
0.05348992347717285 4108.188995361328
0.05341601371765137 4108.207977294922
0.05334973335266113 4108.203338623047
0.05362892150878906 4108.1744384765625
0.05388188362121582 4108.154479980469
0.05356597900390625 4108.092834472656
0.05392193794250488 4108.034881591797
0.053687095642089844 4108.0609130859375
0.053492069244384766 4108.148223876953
0.05331611633300781 4108.223968505859
0.05337977409362793 4108.2412109375
0.05345797538757324 4108.217987060547
0.05567002296447754 4108.21533203125
0.053730010986328125 4108.257049560547
0.053342342376708984 4108.292907714844
0.05411505699157715 4108.283142089844
0.053131103515625 4108.261260986328
0.05338907241821289 4108.268371582031
0.05373501777648926 4108.267608642578
0.08307194709777832 4108.239959716797
0.05425381660461426 4108.198669433594
0.05359697341918945 4108.192077636719
0.0534977912902832 4108.235168457031
0.05353808403015137 4108.286376953125
0.05367302894592285 4108.289886474609
0.05376887321472168 4108.250427246094
0.05393528938293457 4108.235534667969
0.0535731315612793 4108.2642822265625
0.05385088920593262 4108.283630371094
0.05350804328918457 4108.2674560546875
0.053568124771118164 4108.2530517578125
0.05350804328918457 4108.268280029297
0.053108930587768555 4108.269256591797
0.05340290069580078 4108.251159667969
0.05367088317871094 4108.256317138672
0.05417513847351074 4108.287200927734
0.05348920822143555 4108.310852050781
0.053411245346069336 4108.312316894531
0.05359220504760742 4108.304748535156
0.05424785614013672 4108.307098388672
0.053717851638793945 4108.316802978516
0.06380510330200195 4108.318176269531
0.05392098426818848 4108.310943603516
0.053704023361206055 4108.307373046875
0.05341911315917969 4108.309997558594
0.05406498908996582 4108.309967041016
0.053475141525268555 4108.304626464844
0.05345797538757324 4108.30078125
0.05354499816894531 4108.301513671875
0.053288936614990234 4108.301971435547
0.05344200134277344 4108.29931640625
0.053478240966796875 4108.286376953125
0.05383706092834473 4108.266693115234
0.053663015365600586 4108.2598876953125
0.053556203842163086 4108.253845214844
0.05341005325317383 4108.261688232422
0.053452253341674805 4108.29052734375
0.05321192741394043 4108.318206787109
0.05370306968688965 4108.319519042969
0.05331993103027344 4108.301055908203
0.0534520149230957 4108.296325683594
0.05349993705749512 4108.308135986328
0.05360269546508789 4108.309631347656
0.053991079330444336 4108.296356201172
0.053167104721069336 4108.288238525391
0.053399085998535156 4108.2889404296875
0.0534210205078125 4108.283905029297
0.05327582359313965 4108.27001953125
0.05335116386413574 4108.250793457031
0.053205013275146484 4108.218200683594
0.05356311798095703 4108.207275390625
0.05351090431213379 4108.225494384766
0.05346822738647461 4108.235168457031
0.05331707000732422 4108.215911865234
0.05342602729797363 4108.1944580078125
0.08353710174560547 4108.198394775391
0.05353808403015137 4108.206329345703
0.05387091636657715 4108.197448730469
0.053338050842285156 4108.188659667969
0.053759098052978516 4108.1939697265625
0.053533077239990234 4108.199401855469
0.05357098579406738 4108.194610595703
0.05362701416015625 4108.189666748047
0.053601980209350586 4108.1915283203125
0.0536501407623291 4108.192535400391
0.05362820625305176 4108.187835693359
0.06180405616760254 4108.154235839844
0.05365920066833496 4108.129974365234
0.07837915420532227 4108.156158447266
0.05369901657104492 4108.192901611328
0.05344080924987793 4108.194549560547
0.05346393585205078 4108.171173095703
0.05357503890991211 4108.169403076172
0.05370378494262695 4108.189880371094
0.05341291427612305 4108.198272705078
0.05352520942687988 4108.196228027344
0.053552865982055664 4108.20751953125
0.053527116775512695 4108.227966308594
0.05350494384765625 4108.240997314453
0.053362131118774414 4108.250427246094
0.05368804931640625 4108.266510009766
0.05372500419616699 4108.283996582031
0.05330395698547363 4108.294616699219
0.053483009338378906 4108.301055908203
0.05329108238220215 4108.3076171875
0.05375504493713379 4108.312530517578
0.053510189056396484 4108.316741943359
0.05373406410217285 4108.320831298828
0.05347013473510742 4108.3275146484375
0.053510189056396484 4108.362823486328
0.05344820022583008 4108.350189208984
0.05342984199523926 4108.321136474609
0.0534970760345459 4108.333892822266
0.05362415313720703 4108.349395751953
0.0536808967590332 4108.3392333984375
0.05357694625854492 4108.33349609375
0.05352520942687988 4108.345306396484
0.053649187088012695 4108.351470947266
0.05386018753051758 4108.330963134766
0.05354714393615723 4108.289154052734
0.05334925651550293 4108.295806884766
0.0535428524017334 4108.33935546875
0.05337810516357422 4108.3421630859375
0.05376791954040527 4108.298004150391
0.053816795349121094 4108.2679443359375
0.05354905128479004 4108.29443359375
0.05362725257873535 4108.357879638672
0.08246874809265137 4108.383728027344
0.05386090278625488 4108.349090576172
0.05360579490661621 4108.319519042969
0.05351400375366211 4108.3265380859375
0.08336806297302246 4108.336212158203
0.05367326736450195 4108.326812744141
0.05377793312072754 4108.301574707031
0.053253889083862305 4108.25830078125
0.053559064865112305 4108.2152099609375
0.053572893142700195 4108.1768798828125
0.05333685874938965 4108.1781005859375
0.05302619934082031 4108.219482421875
0.05380606651306152 4108.265472412109
0.05348467826843262 4108.2884521484375
0.05337190628051758 4108.270782470703
0.05364394187927246 4108.247985839844
0.05343914031982422 4108.251281738281
0.05367708206176758 4108.261871337891
0.05338907241821289 4108.2607421875
0.05352497100830078 4108.254241943359
0.05338597297668457 4108.251892089844
0.05355215072631836 4108.246917724609
0.054473876953125 4108.2252197265625
0.05330371856689453 4108.214752197266
0.05362391471862793 4108.228179931641
0.0534062385559082 4108.225189208984
0.05365610122680664 4108.2034912109375
0.05344581604003906 4108.195404052734
0.05363297462463379 4108.194732666016
0.05353093147277832 4108.1839599609375
0.05356597900390625 4108.1724853515625
0.0535891056060791 4108.16845703125
0.053698062896728516 4108.164093017578
0.05355501174926758 4108.157409667969
0.05356788635253906 4108.153594970703
0.05389595031738281 4108.1519775390625
0.05369400978088379 4108.1409912109375
0.05365395545959473 4108.113220214844
0.05349016189575195 4108.121124267578
0.05355072021484375 4108.154296875
0.0536036491394043 4108.167907714844
0.05391883850097656 4108.157073974609
0.05533409118652344 4108.157745361328
0.05317211151123047 4108.1732177734375
0.05452275276184082 4108.178985595703
0.1826610565185547 4108.181213378906
0.05444693565368652 4108.190948486328
0.05387115478515625 4108.200378417969
0.053340911865234375 4108.20654296875
0.05365705490112305 4108.2154541015625
0.12144207954406738 4108.226623535156
0.05350232124328613 4108.236907958984
0.0546112060546875 4108.247467041016
0.05402207374572754 4108.258697509766
0.05391812324523926 4108.2689208984375
0.05357813835144043 4108.2777099609375
0.053707122802734375 4108.285797119141
0.0628817081451416 4108.2933349609375
0.05350089073181152 4108.300231933594
0.05374908447265625 4108.307312011719
0.08312797546386719 4108.314666748047
0.07972097396850586 4108.322235107422
0.05387401580810547 4108.3297119140625
0.05379796028137207 4108.336669921875
0.05369901657104492 4108.342498779297
0.05372500419616699 4108.346862792969
0.05358099937438965 4108.349822998047
0.05337882041931152 4108.3516845703125
0.05419421195983887 4108.352966308594
0.053613901138305664 4108.3541259765625
0.05394721031188965 4108.355499267578
0.053768157958984375 4108.357177734375
0.05327320098876953 4108.359558105469
0.053544044494628906 4108.362335205078
0.053397178649902344 4108.365661621094
0.05359005928039551 4108.3353271484375
0.05391192436218262 4108.336578369141
0.05395793914794922 4108.372741699219
0.05371499061584473 4108.386779785156
0.05405402183532715 4108.38671875
0.05361676216125488 4108.383941650391
0.053611040115356445 4108.381378173828
0.05355095863342285 4108.370025634766
0.05353903770446777 4108.359832763672
0.05362105369567871 4108.352569580078
0.06336379051208496 4108.339447021484
0.05451178550720215 4108.324462890625
0.053186893463134766 4108.310455322266
0.05348682403564453 4108.294616699219
0.05336594581604004 4108.269836425781
0.05551409721374512 4108.200347900391
0.05356192588806152 4108.166900634766
0.05356311798095703 4108.186706542969
0.05346417427062988 4108.2060546875
0.05377388000488281 4108.210784912109
0.05381131172180176 4108.20947265625
0.05361580848693848 4108.211395263672
0.053781986236572266 4108.210357666016
0.05340409278869629 4108.198547363281
0.05352497100830078 4108.190612792969
0.05351400375366211 4108.186004638672
0.053884029388427734 4108.174743652344
0.053587913513183594 4108.161590576172
0.053555965423583984 4108.148712158203
0.05385398864746094 4108.134765625
0.05382394790649414 4108.122406005859
0.05390214920043945 4108.113800048828
0.053906917572021484 4108.1075439453125
0.053704023361206055 4108.103729248047
0.05351686477661133 4108.102233886719
0.053795814514160156 4108.102935791016
0.05388522148132324 4108.106170654297
0.053922176361083984 4108.11181640625
0.05356884002685547 4108.118743896484
0.053854942321777344 4108.114959716797
0.053788185119628906 4108.113128662109
0.08380794525146484 4108.136505126953
0.05349302291870117 4108.149383544922
0.05318617820739746 4108.1434326171875
0.053563833236694336 4108.151794433594
0.053675174713134766 4108.165466308594
0.05349302291870117 4108.1744384765625
0.05328798294067383 4108.187774658203
0.053427934646606445 4108.203094482422
0.05377697944641113 4108.2174072265625
0.05342721939086914 4108.232940673828
0.05381894111633301 4108.248992919922
0.05372190475463867 4108.264129638672
0.05382990837097168 4108.278564453125
0.05342674255371094 4108.291107177734
0.053778886795043945 4108.300964355469
0.08484625816345215 4108.3082275390625
0.05339789390563965 4108.313232421875
0.05376267433166504 4108.316864013672
0.05364513397216797 4108.320159912109
0.05328202247619629 4108.323699951172
0.05403494834899902 4108.327819824219
0.05353498458862305 4108.333312988281
0.05466485023498535 4108.340148925781
0.05370497703552246 4108.348663330078
0.05376887321472168 4108.358825683594
0.05357074737548828 4108.370361328125
0.05371713638305664 4108.3822021484375
0.053571224212646484 4108.393249511719
0.05352616310119629 4108.402862548828
0.05357503890991211 4108.410614013672
0.05347013473510742 4108.417053222656
0.053711891174316406 4108.422698974609
0.053526878356933594 4108.427703857422
0.053833961486816406 4108.4324951171875
0.05356884002685547 4108.404846191406
0.05378890037536621 4108.376281738281
0.05380415916442871 4108.395965576172
0.05346202850341797 4108.417785644531
0.054132938385009766 4108.391296386719
0.0536961555480957 4108.372222900391
0.05364799499511719 4108.3853759765625
0.05332183837890625 4108.400848388672
0.053601980209350586 4108.404632568359
0.05385017395019531 4108.3914794921875
0.05374598503112793 4108.3717041015625
0.07645893096923828 4108.35546875
0.05364203453063965 4108.339385986328
0.053552865982055664 4108.3211669921875
0.05363798141479492 4108.301940917969
0.053399085998535156 4108.282562255859
0.05395102500915527 4108.232635498047
0.05382394790649414 4108.190002441406
0.05373382568359375 4108.179534912109
0.05364513397216797 4108.151611328125
0.05357718467712402 4108.14111328125
0.05901694297790527 4108.149261474609
0.05425572395324707 4108.152526855469
0.08539104461669922 4108.144805908203
0.05414414405822754 4108.136047363281
0.05369901657104492 4108.134368896484
0.05394101142883301 4108.1376953125
0.053349971771240234 4108.143524169922
0.05341291427612305 4108.14990234375
0.05376291275024414 4108.150299072266
0.05356597900390625 4108.148742675781
0.05340409278869629 4108.150787353516
0.053382158279418945 4108.153961181641
0.053565025329589844 4108.1568603515625
0.053595781326293945 4108.1595458984375
0.05377006530761719 4108.161804199219
0.053475141525268555 4108.1578369140625
0.05392289161682129 4108.154113769531
0.05366086959838867 4108.1708984375
0.05349087715148926 4108.167572021484
0.05421710014343262 4108.1629638671875
0.05415511131286621 4108.167999267578
0.05335402488708496 4108.169281005859
0.053440093994140625 4108.173370361328
0.05362725257873535 4108.178314208984
0.053819894790649414 4108.183990478516
0.05360698699951172 4108.191009521484
0.05397987365722656 4108.198669433594
0.053771018981933594 4108.207061767578
0.05358576774597168 4108.215148925781
0.053872108459472656 4108.2222900390625
0.05345606803894043 4108.227783203125
0.05344510078430176 4108.231536865234
0.05366992950439453 4108.234191894531
0.053407907485961914 4108.236419677734
0.05357003211975098 4108.238708496094
0.053572654724121094 4108.241455078125
0.05355405807495117 4108.244781494141
0.05339789390563965 4108.248992919922
0.053869009017944336 4108.254211425781
0.05353999137878418 4108.260589599609
0.05340099334716797 4108.268280029297
0.053727149963378906 4108.277130126953
0.05360007286071777 4108.287017822266
0.05357074737548828 4108.297424316406
0.05373787879943848 4108.307861328125
0.05333685874938965 4108.31787109375
0.05347394943237305 4108.3272705078125
0.053540945053100586 4108.336029052734
0.05342221260070801 4108.3438720703125
0.05371904373168945 4108.35107421875
0.05389213562011719 4108.3577880859375
0.05375814437866211 4108.364013671875
0.055287837982177734 4108.369689941406
0.05782341957092285 4108.374938964844
0.0802617073059082 4108.379211425781
0.053555965423583984 4108.382415771484
0.06759905815124512 4108.373504638672
0.05395007133483887 4108.38232421875
0.053572893142700195 4108.389892578125
0.053700923919677734 4108.383270263672
0.05355191230773926 4108.381622314453
0.0538487434387207 4108.378875732422
0.05395984649658203 4108.374755859375
0.08402705192565918 4108.370300292969
0.053572654724121094 4108.357879638672
0.05377817153930664 4108.349334716797
0.053389787673950195 4108.2962646484375
0.05352616310119629 4108.290374755859
0.05362200736999512 4108.30908203125
0.05422782897949219 4108.316986083984
0.05357193946838379 4108.308349609375
0.053605079650878906 4108.298858642578
0.05339694023132324 4108.293212890625
0.05355072021484375 4108.287048339844
0.05344724655151367 4108.2662353515625
0.053543806076049805 4108.2537841796875
0.0532839298248291 4108.257110595703
0.053732872009277344 4108.256103515625
0.053539276123046875 4108.243072509766
0.053955078125 4108.2298583984375
0.053742170333862305 4108.219329833984
0.05387997627258301 4108.197601318359
0.05402708053588867 4108.16650390625
0.053906917572021484 4108.172302246094
0.05371999740600586 4108.177764892578
0.05373430252075195 4108.17578125
0.06654620170593262 4108.160491943359
0.054186105728149414 4108.152557373047
0.053498029708862305 4108.146942138672
0.054244041442871094 4108.140716552734
0.05446815490722656 4108.135986328125
0.053774118423461914 4108.1312255859375
0.05401921272277832 4108.127227783203
0.05384206771850586 4108.123474121094
0.053845882415771484 4108.120391845703
0.053748130798339844 4108.118072509766
0.053684234619140625 4108.1168212890625
0.05365586280822754 4108.116790771484
0.05366706848144531 4108.118316650391
0.0538330078125 4108.121429443359
0.05382394790649414 4108.126708984375
0.05370306968688965 4108.134002685547
0.053678035736083984 4108.1439208984375
0.053611040115356445 4108.156555175781
0.05385017395019531 4108.172058105469
0.05397224426269531 4108.190338134766
0.05385327339172363 4108.210693359375
0.053614139556884766 4108.232513427734
0.05436301231384277 4108.254791259766
0.0538480281829834 4108.2767333984375
0.05376911163330078 4108.297790527344
0.05366396903991699 4108.317962646484
0.05409717559814453 4108.3369140625
0.053711891174316406 4108.354705810547
0.05332303047180176 4108.3714599609375
0.05381488800048828 4108.386505126953
0.053694963455200195 4108.3997802734375
0.05367588996887207 4108.412689208984
0.05361604690551758 4108.410614013672
0.0838477611541748 4108.418975830078
0.05358695983886719 4108.4239501953125
0.053800106048583984 4108.424041748047
0.05365705490112305 4108.425720214844
0.0536808967590332 4108.426055908203
0.05364799499511719 4108.425720214844
0.054283857345581055 4108.4244384765625
0.05384397506713867 4108.422271728516
0.053853750228881836 4108.419006347656
0.05373573303222656 4108.414733886719
0.05385017395019531 4108.405487060547
0.05466580390930176 4108.391754150391
0.05375409126281738 4108.392730712891
0.053459882736206055 4108.387847900391
0.05371594429016113 4108.372283935547
0.05448722839355469 4108.348846435547
0.05393481254577637 4108.337646484375
0.05412578582763672 4108.3309326171875
0.05344891548156738 4108.319030761719
0.053450822830200195 4108.232971191406
0.054479122161865234 4108.19580078125
0.05411386489868164 4108.191345214844
0.05416226387023926 4108.198760986328
0.05396676063537598 4108.197448730469
0.05375194549560547 4108.1834716796875
0.0538177490234375 4108.171600341797
0.05391693115234375 4108.163421630859
0.053607940673828125 4108.157073974609
0.05387306213378906 4108.151397705078
0.05367398262023926 4108.146453857422
0.05443906784057617 4108.142181396484
0.05396914482116699 4108.138702392578
0.05430173873901367 4108.135925292969
0.05430722236633301 4108.1337890625
0.05369877815246582 4108.132293701172
0.07795882225036621 4108.128234863281
0.053723812103271484 4108.123107910156
0.054221153259277344 4108.120452880859
0.05400896072387695 4108.118682861328
0.05422830581665039 4108.117736816406
0.05372118949890137 4108.11767578125
0.0540618896484375 4108.118743896484
0.053807735443115234 4108.120910644531
0.05397510528564453 4108.124725341797
0.053653717041015625 4108.130096435547
0.05408215522766113 4108.137176513672
0.053730010986328125 4108.146270751953
0.05388903617858887 4108.1575927734375
0.05408215522766113 4108.1710205078125
0.05347084999084473 4108.186370849609
0.05364584922790527 4108.2032470703125
0.053919076919555664 4108.2208251953125
0.05377912521362305 4108.238372802734
0.06329607963562012 4108.25537109375
0.053960323333740234 4108.271331787109
0.054429054260253906 4108.286224365234
0.08407711982727051 4108.300109863281
0.05398297309875488 4108.312957763672
0.05341696739196777 4108.324676513672
