0.6581161022186279 4454.55403137207
0.3044579029083252 4565.90380859375
0.14931893348693848 4679.562347412109
0.15226507186889648 4794.1195068359375
0.11615586280822754 4910.267303466797
0.11602163314819336 5028.447814941406
0.1162559986114502 5148.302764892578
0.14951610565185547 5269.484924316406
0.1163020133972168 5390.970794677734
0.11436605453491211 5511.306182861328
0.11516165733337402 5631.4625244140625
0.11529302597045898 5751.860198974609
0.15195012092590332 5870.3983154296875
0.13564586639404297 5985.540618896484
0.12336206436157227 6097.063018798828
0.11610603332519531 6206.784820556641
0.1502091884613037 6316.418365478516
0.1165151596069336 6426.347473144531
0.11566281318664551 6536.232635498047
0.11441612243652344 6640.534973144531
0.1511838436126709 6712.791809082031
0.11462211608886719 6753.205383300781
0.24683594703674316 6782.984222412109
0.11653375625610352 6806.0145263671875
0.11464619636535645 6826.540954589844
0.1491239070892334 6838.048980712891
0.11437273025512695 6847.158111572266
0.11500096321105957 6855.693511962891
0.9447050094604492 6861.4466552734375
0.16051697731018066 6862.071624755859
0.11676502227783203 6863.769378662109
0.1164250373840332 6865.341247558594
0.11587214469909668 6866.846588134766
0.14874911308288574 6868.58984375
0.11474776268005371 6870.387054443359
0.12765717506408691 6871.650054931641
0.11572813987731934 6871.87158203125
0.15084600448608398 6871.268798828125
0.11414813995361328 6870.608062744141
0.12565016746520996 6870.593566894531
0.11511802673339844 6871.354522705078
0.17762303352355957 6872.505889892578
0.14854097366333008 6873.525421142578
0.11394309997558594 6874.030670166016
0.11458158493041992 6873.957855224609
0.11403512954711914 6873.595672607422
0.1485743522644043 6873.2685546875
0.16075706481933594 6873.314361572266
0.12395715713500977 6873.728363037109
0.1144258975982666 6874.254547119141
0.1581120491027832 6874.640716552734
0.11467099189758301 6874.764801025391
0.1144709587097168 6874.638916015625
0.11433005332946777 6874.413482666016
0.14958691596984863 6874.275054931641
0.11406898498535156 6874.261993408203
0.11429095268249512 6874.3115234375
0.11448502540588379 6874.357757568359
0.11508798599243164 6874.399627685547
0.14945101737976074 6874.447540283203
0.11405324935913086 6874.500091552734
0.11461925506591797 6874.5592041015625
0.11513495445251465 6874.6240234375
0.14908289909362793 6874.694000244141
0.11425399780273438 6874.77001953125
0.11902904510498047 6874.851379394531
0.11475038528442383 6874.938079833984
0.14905500411987305 6875.029052734375
0.11507821083068848 6875.122467041016
0.1141500473022461 6875.218994140625
0.11468911170959473 6875.316375732422
0.15014386177062988 6875.401397705078
0.13320493698120117 6875.465667724609
0.11457395553588867 6875.51513671875
0.11492800712585449 6875.5616455078125
0.11597084999084473 6875.616027832031
0.3314549922943115 6875.6839599609375
0.1140279769897461 6875.764312744141
0.11452102661132812 6875.851715087891
0.1320052146911621 6875.939239501953
0.15021991729736328 6876.022552490234
0.11409807205200195 6876.100341796875
0.1215980052947998 6876.175720214844
0.11574196815490723 6876.244232177734
0.1497509479522705 6876.292144775391
0.1166069507598877 6876.335144042969
0.11485099792480469 6876.3621826171875
0.11372113227844238 6876.381011962891
0.11580085754394531 6876.3912353515625
0.15066099166870117 6876.399597167969
0.11710119247436523 6876.406036376953
0.11508321762084961 6876.411926269531
0.11653304100036621 6876.418731689453
0.147507905960083 6876.427490234375
0.11440896987915039 6876.438415527344
0.1150369644165039 6876.4508056640625
0.1157066822052002 6876.463806152344
0.14800477027893066 6876.476837158203
0.11594581604003906 6876.489532470703
0.11415410041809082 6876.502136230469
0.11478710174560547 6876.51513671875
0.1492149829864502 6876.528991699219
0.1143639087677002 6876.544342041016
0.11416983604431152 6876.560699462891
0.11436986923217773 6876.578521728516
0.1144571304321289 6876.597625732422
0.1483759880065918 6876.617858886719
0.11460614204406738 6876.6392822265625
0.1140139102935791 6876.662048339844
0.11436200141906738 6876.685729980469
0.14857769012451172 6876.710693359375
0.11444401741027832 6876.736877441406
0.11423587799072266 6876.763427734375
0.11454010009765625 6876.790374755859
0.1494431495666504 6876.817291259766
0.11418676376342773 6876.843536376953
0.12274289131164551 6876.869476318359
0.11469721794128418 6876.893890380859
0.14904427528381348 6876.917449951172
0.11490797996520996 6876.9395751953125
0.11454510688781738 6876.960357666016
0.11523008346557617 6876.979034423828
0.1146860122680664 6876.995452880859
0.15053319931030273 6877.0081787109375
0.11473917961120605 6877.016204833984
0.11442208290100098 6877.020294189453
0.11629915237426758 6877.020446777344
0.14952588081359863 6877.016387939453
0.11458897590637207 6877.0074462890625
0.11472105979919434 6876.988525390625
0.1145927906036377 6876.949768066406
0.14950776100158691 6876.9052734375
0.11508727073669434 6876.868103027344
0.11476707458496094 6876.828826904297
0.13840913772583008 6876.784729003906
0.4415907859802246 6876.749267578125
0.34082722663879395 6876.725524902344
0.12801384925842285 6876.706848144531
0.14153027534484863 6876.6817626953125
0.11582589149475098 6876.646636962891
0.14977002143859863 6876.606964111328
0.11554813385009766 6876.571014404297
0.11893486976623535 6876.543518066406
0.11837005615234375 6876.51513671875
0.15717291831970215 6876.491516113281
0.11580681800842285 6876.480804443359
0.11413812637329102 6876.485015869141
0.14488983154296875 6876.502380371094
0.14861607551574707 6876.5267333984375
0.1147909164428711 6876.554229736328
0.11515974998474121 6876.5859375
0.11646389961242676 6876.6221923828125
0.14929413795471191 6876.661804199219
0.1141660213470459 6876.702423095703
0.11385202407836914 6876.742645263672
0.11513996124267578 6876.781005859375
0.11484217643737793 6876.816833496094
0.1496109962463379 6876.848602294922
0.1150510311126709 6876.874603271484
0.11383819580078125 6876.8641357421875
0.11422896385192871 6876.8330078125
0.14995026588439941 6876.81201171875
0.11454319953918457 6876.811065673828
0.11562991142272949 6876.829376220703
0.11439299583435059 6876.859466552734
0.14980626106262207 6876.8934326171875
0.11501502990722656 6876.925720214844
0.11433792114257812 6876.950103759766
0.11397194862365723 6876.956115722656
0.11384391784667969 6876.950103759766
0.14975190162658691 6876.936920166016
0.11478400230407715 6876.9140625
0.11412692070007324 6876.894439697266
0.1309659481048584 6876.885437011719
0.1486668586730957 6876.885559082031
0.11445498466491699 6876.890838623047
0.11592221260070801 6876.896789550781
0.11497974395751953 6876.900543212891
0.1495668888092041 6876.901947021484
0.11430501937866211 6876.889739990234
0.1141667366027832 6876.851531982422
0.11357498168945312 6876.818359375
0.14876103401184082 6876.80517578125
0.11466622352600098 6876.790924072266
0.11423897743225098 6876.777893066406
0.1151890754699707 6876.785797119141
0.11397409439086914 6876.818115234375
0.14979290962219238 6876.869354248047
0.1154332160949707 6876.931732177734
0.18599796295166016 6876.995513916016
0.11447501182556152 6877.050842285156
0.15019607543945312 6877.083709716797
0.11473298072814941 6877.089141845703
0.11620712280273438 6877.071868896484
0.11508607864379883 6877.014953613281
0.14885187149047852 6876.956512451172
0.11435389518737793 6876.927886962891
0.11421895027160645 6876.9205322265625
0.1314702033996582 6876.917999267578
0.14918088912963867 6876.891754150391
0.11427593231201172 6876.860534667969
0.11609983444213867 6876.842193603516
0.11417794227600098 6876.830505371094
0.11401081085205078 6876.823211669922
0.1488649845123291 6876.817565917969
0.11456704139709473 6876.809356689453
0.11817431449890137 6876.791717529297
0.11394405364990234 6876.775726318359
0.15090680122375488 6876.747863769531
0.1141197681427002 6876.711669921875
0.12118697166442871 6876.6767578125
0.11420893669128418 6876.64697265625
0.14903688430786133 6876.624816894531
0.1143178939819336 6876.608489990234
0.11449384689331055 6876.595184326172
0.13415288925170898 6876.58251953125
0.14891481399536133 6876.56982421875
0.12007284164428711 6876.5584716796875
0.11682796478271484 6876.5474853515625
0.11604976654052734 6876.53662109375
0.11453533172607422 6876.530426025391
0.14869308471679688 6876.533538818359
0.11401700973510742 6876.5477294921875
0.1155710220336914 6876.573150634766
0.12566876411437988 6876.607971191406
0.1488802433013916 6876.649597167969
0.11509203910827637 6876.69580078125
0.115692138671875 6876.744049072266
0.11477208137512207 6876.793365478516
0.14823007583618164 6876.842468261719
0.11473369598388672 6876.8890380859375
0.1151890754699707 6876.932067871094
0.11403584480285645 6876.9708251953125
0.11437511444091797 6877.005767822266
0.15154480934143066 6877.037506103516
0.11438202857971191 6877.0665283203125
0.11419391632080078 6877.086151123047
0.11618876457214355 6877.096893310547
0.14830994606018066 6877.1053466796875
0.11384820938110352 6877.108795166016
0.11601114273071289 6877.106536865234
0.11433815956115723 6877.10009765625
0.1489861011505127 6877.0745849609375
0.11417913436889648 6877.063293457031
0.11455202102661133 6877.074371337891
0.11424684524536133 6877.082946777344
0.14965391159057617 6877.066986083984
0.1139521598815918 6877.0458984375
0.11686205863952637 6877.0283203125
0.13126111030578613 6876.971374511719
0.1499471664428711 6876.861663818359
0.1150979995727539 6876.7357177734375
0.11441802978515625 6876.6351318359375
0.11407589912414551 6876.57861328125
0.11447882652282715 6876.569488525391
0.14905595779418945 6876.601043701172
0.15128707885742188 6876.65478515625
0.11688494682312012 6876.7056884765625
0.11566305160522461 6876.739898681641
0.14920973777770996 6876.758972167969
0.11456012725830078 6876.771179199219
0.11435174942016602 6876.785797119141
0.1143941879272461 6876.777526855469
0.15106487274169922 6876.7470703125
0.11430191993713379 6876.7100830078125
0.12437295913696289 6876.677398681641
0.11557197570800781 6876.656005859375
0.11501407623291016 6876.645599365234
0.14974474906921387 6876.642578125
0.114990234375 6876.641998291016
0.11586284637451172 6876.640655517578
0.11476826667785645 6876.633941650391
0.14989590644836426 6876.620697021484
0.11412882804870605 6876.60791015625
0.1145939826965332 6876.602233886719
0.12990212440490723 6876.607635498047
0.1489872932434082 6876.624206542969
0.11487007141113281 6876.648498535156
0.1150820255279541 6876.676483154297
0.11459112167358398 6876.707275390625
0.15013408660888672 6876.739837646484
0.11545610427856445 6876.774353027344
0.1144859790802002 6876.811004638672
0.11459493637084961 6876.850311279297
0.11426997184753418 6876.892059326172
0.1493217945098877 6876.935241699219
0.11494088172912598 6876.978424072266
0.11461997032165527 6877.019775390625
0.35472702980041504 6877.057769775391
0.14962482452392578 6877.090606689453
0.11416316032409668 6877.1171875
0.1145017147064209 6877.111968994141
0.11461496353149414 6877.102081298828
0.1524829864501953 6877.099609375
0.11443305015563965 6877.104675292969
0.11679983139038086 6877.115234375
0.11479878425598145 6877.124969482422
0.1493968963623047 6877.113586425781
0.1155250072479248 6877.08837890625
0.11426281929016113 6877.059112548828
0.13154292106628418 6876.948669433594
0.11500787734985352 6876.809753417969
0.14842820167541504 6876.681823730469
0.11407613754272461 6876.593292236328
0.1159360408782959 6876.554901123047
0.1170969009399414 6876.562683105469
0.14940810203552246 6876.589538574219
0.11461710929870605 6876.6148681640625
0.11531901359558105 6876.636993408203
0.11495494842529297 6876.656646728516
0.14973115921020508 6876.68115234375
0.11520814895629883 6876.719909667969
0.14046573638916016 6876.7381591796875
0.11443281173706055 6876.729339599609
0.14966773986816406 6876.707061767578
0.11537575721740723 6876.683563232422
0.11510300636291504 6876.666778564453
0.11377811431884766 6876.657501220703
0.1156160831451416 6876.6533203125
0.1496598720550537 6876.6475830078125
0.11514782905578613 6876.645111083984
0.11487483978271484 6876.643493652344
0.11467170715332031 6876.642242431641
0.14984774589538574 6876.642669677734
0.11603021621704102 6876.645721435547
0.11410307884216309 6876.653015136719
0.12526798248291016 6876.664215087891
0.1485743522644043 6876.678771972656
0.11446809768676758 6876.696350097656
0.11751198768615723 6876.717437744141
0.21607398986816406 6876.741241455078
0.1508960723876953 6876.766174316406
0.15081405639648438 6876.794525146484
0.1140589714050293 6876.828033447266
0.1152949333190918 6876.867462158203
0.11429214477539062 6876.9130859375
0.14925503730773926 6876.962463378906
0.11398100852966309 6876.992889404297
0.11397910118103027 6877.0118408203125
0.11368227005004883 6877.030822753906
0.1491529941558838 6877.051422119141
0.11488676071166992 6877.072540283203
0.11566400527954102 6877.082366943359
0.11416506767272949 6877.084411621094
0.15016889572143555 6877.084381103516
0.11380290985107422 6877.083648681641
0.11585688591003418 6877.052886962891
0.11460995674133301 6877.01318359375
0.11417984962463379 6876.994659423828
0.14918899536132812 6876.995086669922
0.11464405059814453 6876.9886474609375
0.13081073760986328 6876.957672119141
0.11515283584594727 6876.923095703125
0.14928174018859863 6876.870513916016
0.1150510311126709 6876.800476074219
0.11470270156860352 6876.7418212890625
0.11470484733581543 6876.707214355469
0.14870715141296387 6876.697570800781
0.11564207077026367 6876.7076416015625
0.11641883850097656 6876.7315673828125
0.11453890800476074 6876.759368896484
0.14952301979064941 6876.765472412109
0.11445474624633789 6876.752410888672
0.11567378044128418 6876.722106933594
0.11410403251647949 6876.6873779296875
0.11476302146911621 6876.659149169922
0.15008997917175293 6876.641784667969
0.11417698860168457 6876.633636474609
0.11426687240600586 6876.630523681641
0.1340618133544922 6876.627502441406
0.15774202346801758 6876.6220703125
0.11424708366394043 6876.611602783203
0.11443519592285156 6876.597198486328
0.11460399627685547 6876.585998535156
0.1496589183807373 6876.58056640625
0.1142122745513916 6876.582489013672
0.1149148941040039 6876.591705322266
0.13067889213562012 6876.608154296875
0.14914894104003906 6876.626373291016
0.11419391632080078 6876.645935058594
0.1176609992980957 6876.668304443359
0.11484408378601074 6876.695068359375
0.11497187614440918 6876.725799560547
0.14943790435791016 6876.759582519531
0.11420369148254395 6876.795379638672
0.11396098136901855 6876.832305908203
0.11488604545593262 6876.870300292969
0.14960789680480957 6876.908843994141
0.11445403099060059 6876.946533203125
0.1146080493927002 6876.982940673828
0.12195611000061035 6877.007293701172
0.14952707290649414 6877.0059814453125
0.1245260238647461 6877.007476806641
0.1268777847290039 6877.015869140625
0.11468005180358887 6877.031311035156
0.1497189998626709 6877.05029296875
0.11451911926269531 6877.066925048828
0.11695003509521484 6877.079406738281
0.11448407173156738 6877.087951660156
0.11402773857116699 6877.0867919921875
0.14893674850463867 6877.0782470703125
0.11430096626281738 6877.063934326172
0.13568115234375 6877.045806884766
0.11527085304260254 6877.025054931641
0.2781081199645996 6876.993225097656
0.11524105072021484 6876.931640625
0.11448097229003906 6876.868804931641
0.11438393592834473 6876.7850341796875
0.15004682540893555 6876.714324951172
0.11570191383361816 6876.675598144531
0.13803601264953613 6876.669677734375
0.11482810974121094 6876.689880371094
0.11592888832092285 6876.726409912109
0.1497631072998047 6876.7677001953125
0.11466383934020996 6876.796325683594
0.12528514862060547 6876.795349121094
0.14914989471435547 6876.770751953125
0.1498868465423584 6876.735046386719
0.11608338356018066 6876.7005615234375
0.11475086212158203 6876.675262451172
0.11480093002319336 6876.661071777344
0.15060997009277344 6876.656036376953
0.11475992202758789 6876.655853271484
0.11467599868774414 6876.656951904297
0.11541199684143066 6876.656341552734
0.14985990524291992 6876.649841308594
0.11579275131225586 6876.639221191406
0.13914704322814941 6876.628173828125
0.11460089683532715 6876.620361328125
0.11404919624328613 6876.618225097656
0.1511237621307373 6876.6229248046875
0.11504006385803223 6876.635009765625
0.11432409286499023 6876.649932861328
0.11415910720825195 6876.663787841797
0.14949488639831543 6876.678497314453
0.11557793617248535 6876.697052001953
0.16232991218566895 6876.721923828125
0.11743378639221191 6876.752166748047
0.1498119831085205 6876.785675048828
0.11550283432006836 6876.821533203125
0.11622190475463867 6876.8572998046875
0.11491918563842773 6876.8927001953125
0.14865922927856445 6876.927307128906
0.11562299728393555 6876.959075927734
0.11595702171325684 6876.9847412109375
0.11513590812683105 6877.000244140625
0.13532185554504395 6877.005126953125
0.15208911895751953 6877.002990722656
0.11584615707397461 6876.998565673828
0.11783885955810547 6876.9940185546875
0.11398100852966309 6876.987274169922
0.15015435218811035 6876.97998046875
0.11384415626525879 6876.938385009766
0.14654302597045898 6876.902740478516
0.11616015434265137 6876.876678466797
0.1574840545654297 6876.859130859375
0.11579298973083496 6876.856170654297
0.11651468276977539 6876.8621826171875
0.11814498901367188 6876.854522705078
0.2580270767211914 6876.838043212891
0.11647891998291016 6876.830780029297
0.1137998104095459 6876.833526611328
0.12387800216674805 6876.845520019531
0.1153109073638916 6876.861328125
0.15004372596740723 6876.875457763672
0.11438703536987305 6876.883270263672
0.11404609680175781 6876.884124755859
0.11527085304260254 6876.878143310547
0.14904403686523438 6876.8671875
0.11456465721130371 6876.8525390625
0.11351203918457031 6876.8365478515625
0.11535811424255371 6876.820281982422
0.148848295211792 6876.804718017578
0.11387920379638672 6876.789733886719
0.11362028121948242 6876.775604248047
0.11455392837524414 6876.754486083984
0.1147298812866211 6876.716735839844
0.15071916580200195 6876.683074951172
0.1747431755065918 6876.673431396484
0.11627912521362305 6876.691009521484
0.11378002166748047 6876.720947265625
0.14904308319091797 6876.746978759766
0.11344194412231445 6876.761077880859
0.11498498916625977 6876.722808837891
0.1148989200592041 6876.656188964844
0.14897775650024414 6876.6063232421875
0.14298605918884277 6876.586761474609
0.11572885513305664 6876.599456787109
0.11434388160705566 6876.633697509766
0.14875173568725586 6876.668151855469
0.11497187614440918 6876.692077636719
0.11355900764465332 6876.708282470703
0.11397004127502441 6876.722381591797
0.1489248275756836 6876.7435302734375
0.11451601982116699 6876.7763671875
0.11368703842163086 6876.808013916016
0.11445784568786621 6876.850982666016
0.1207280158996582 6876.908996582031
0.14940214157104492 6876.956634521484
0.11403012275695801 6876.989593505859
0.12820816040039062 6877.0179443359375
0.11430120468139648 6877.046295166016
0.15021300315856934 6877.0390625
0.11422109603881836 6877.0186767578125
0.13590097427368164 6876.99365234375
0.11414003372192383 6876.976043701172
0.14905786514282227 6876.977447509766
0.11389708518981934 6876.986968994141
0.11645388603210449 6876.980926513672
0.11460399627685547 6876.913238525391
0.1138308048248291 6876.836334228516
0.16080379486083984 6876.782775878906
0.1166219711303711 6876.748748779297
0.11393189430236816 6876.736663818359
0.11371994018554688 6876.742279052734
0.1497209072113037 6876.728332519531
0.11444592475891113 6876.7041015625
0.11403393745422363 6876.698669433594
0.11558914184570312 6876.712585449219
0.16205382347106934 6876.750671386719
0.15442991256713867 6876.805847167969
0.1376807689666748 6876.8720703125
0.13703203201293945 6876.924072265625
0.16435003280639648 6876.9407958984375
0.15568995475769043 6876.9195556640625
0.11795616149902344 6876.8546142578125
0.1145479679107666 6876.7724609375
0.11395692825317383 6876.715057373047
0.15187573432922363 6876.691864013672
0.13682985305786133 6876.699768066406
0.11428403854370117 6876.726135253906
0.1419079303741455 6876.737701416016
0.15677404403686523 6876.739532470703
0.11415505409240723 6876.745208740234
0.11414980888366699 6876.752838134766
0.11669802665710449 6876.759582519531
0.14846086502075195 6876.755645751953
0.1143190860748291 6876.749114990234
0.11393523216247559 6876.742156982422
0.11458516120910645 6876.734802246094
0.14926910400390625 6876.728332519531
0.11453795433044434 6876.726013183594
0.3335890769958496 6876.734344482422
0.12206387519836426 6876.7518310546875
0.11503100395202637 6876.7701416015625
0.15067696571350098 6876.7879638671875
0.11397814750671387 6876.801239013672
0.11423397064208984 6876.785736083984
0.1212320327758789 6876.7464599609375
0.14921879768371582 6876.718597412109
0.11419987678527832 6876.711242675781
0.11425185203552246 6876.728179931641
0.17084121704101562 6876.765777587891
0.14999890327453613 6876.816650390625
0.15406394004821777 6876.873565673828
0.1193399429321289 6876.923767089844
0.11434602737426758 6876.96142578125
0.15034699440002441 6876.979187011719
0.5093247890472412 6876.972991943359
0.13730382919311523 6876.95361328125
0.1322331428527832 6876.9332275390625
0.13228917121887207 6876.922546386719
0.1501607894897461 6876.927307128906
0.11424994468688965 6876.92431640625
0.1142880916595459 6876.908142089844
0.1143341064453125 6876.904876708984
0.14926409721374512 6876.917663574219
0.12741875648498535 6876.941833496094
0.13309216499328613 6876.966156005859
0.12072014808654785 6876.958038330078
0.15069007873535156 6876.9171142578125
0.11414384841918945 6876.88330078125
0.13502287864685059 6876.869689941406
0.16337800025939941 6876.871032714844
0.13397002220153809 6876.87939453125
0.1551342010498047 6876.8868408203125
0.1173410415649414 6876.884490966797
0.11400699615478516 6876.871154785156
0.11448287963867188 6876.837005615234
0.192230224609375 6876.783294677734
0.11645698547363281 6876.732757568359
0.13094496726989746 6876.693298339844
0.13855504989624023 6876.6663818359375
0.1727769374847412 6876.648040771484
0.11490011215209961 6876.630950927734
0.15235686302185059 6876.611114501953
0.1354351043701172 6876.588287353516
0.19394826889038086 6876.565460205078
0.12735414505004883 6876.545562744141
0.22226381301879883 6876.530181884766
0.17235398292541504 6876.5205078125
0.20033597946166992 6876.516357421875
0.16514325141906738 6876.517242431641
0.1196298599243164 6876.523010253906
0.11605191230773926 6876.533630371094
0.11373019218444824 6876.5491943359375
0.14925789833068848 6876.569671630859
0.11306881904602051 6876.592712402344
0.11415600776672363 6876.614471435547
0.11351203918457031 6876.640563964844
0.14962196350097656 6876.676605224609
0.11359214782714844 6876.719696044922
0.11317205429077148 6876.765930175781
0.11379075050354004 6876.811431884766
0.1858518123626709 6876.8553466796875
0.12840723991394043 6876.897888183594
0.11317896842956543 6876.941070556641
0.11420488357543945 6876.985595703125
0.1355578899383545 6877.03173828125
0.14889907836914062 6877.077728271484
0.11338973045349121 6877.121307373047
0.1161489486694336 6877.158905029297
0.11304593086242676 6877.175628662109
0.14879727363586426 6877.169769287109
0.1133732795715332 6877.157775878906
0.11273479461669922 6877.1446533203125
0.11332106590270996 6877.135437011719
0.14890813827514648 6877.1240234375
0.12200689315795898 6877.098205566406
0.11330723762512207 6877.065093994141
0.1132359504699707 6877.0384521484375
0.14819622039794922 6877.019958496094
0.11346101760864258 6877.011291503906
0.11886024475097656 6877.008209228516
0.11524820327758789 6877.000946044922
0.11307406425476074 6876.963653564453
0.14836406707763672 6876.8720703125
0.18833565711975098 6876.747863769531
0.11390495300292969 6876.633056640625
0.6535298824310303 6876.5447998046875
0.18008184432983398 6876.498931884766
0.11461496353149414 6876.500335693359
0.11416077613830566 6876.544891357422
0.11479592323303223 6876.6226806640625
0.1491100788116455 6876.719909667969
0.11397385597229004 6876.815124511719
0.11664104461669922 6876.8770751953125
0.11530303955078125 6876.891052246094
0.15008306503295898 6876.869598388672
0.11491990089416504 6876.830718994141
0.13990306854248047 6876.794708251953
0.12503314018249512 6876.775451660156
0.14632606506347656 6876.774749755859
0.17159104347229004 6876.784118652344
0.1590418815612793 6876.792083740234
0.12440299987792969 6876.788391113281
0.11766505241394043 6876.764984130859
0.17786478996276855 6876.725067138672
0.1307058334350586 6876.685363769531
0.13389015197753906 6876.653106689453
0.1276869773864746 6876.634002685547
0.15175175666809082 6876.629241943359
0.14154696464538574 6876.636322021484
0.42221522331237793 6876.651672363281
0.135329008102417 6876.670440673828
0.1146080493927002 6876.688751220703
0.15082001686096191 6876.704071044922
0.1153409481048584 6876.715789794922
0.11525821685791016 6876.7254638671875
0.1142721176147461 6876.734375
0.1921689510345459 6876.743408203125
0.12766695022583008 6876.7493896484375
0.13121509552001953 6876.752410888672
0.12138509750366211 6876.757995605469
0.15978002548217773 6876.772674560547
0.1391129493713379 6876.800689697266
0.14377093315124512 6876.842315673828
0.1346580982208252 6876.89306640625
0.1568892002105713 6876.944519042969
0.13242816925048828 6876.980224609375
0.1416761875152588 6876.990203857422
0.13927006721496582 6876.984466552734
0.1392960548400879 6876.9708251953125
0.15592598915100098 6876.956604003906
0.11561799049377441 6876.943359375
0.12718796730041504 6876.927490234375
0.12508726119995117 6876.908996582031
0.16983914375305176 6876.8897705078125
0.13901495933532715 6876.875244140625
0.19665789604187012 6876.870849609375
0.1798410415649414 6876.882781982422
0.1526780128479004 6876.913909912109
0.12790131568908691 6876.951629638672
0.1319730281829834 6876.969696044922
0.23975896835327148 6876.9736328125
0.1766190528869629 6876.986511230469
0.12800288200378418 6876.995758056641
0.1620180606842041 6876.993713378906
0.18217802047729492 6876.972991943359
0.21450304985046387 6876.9302978515625
0.14987611770629883 6876.8819580078125
0.1368567943572998 6876.823486328125
0.32562708854675293 6876.744598388672
0.2917976379394531 6876.659606933594
0.22726774215698242 6876.5838623046875
0.11724185943603516 6876.520263671875
0.14624810218811035 6876.481414794922
0.21010923385620117 6876.478546142578
0.16375994682312012 6876.502593994141
0.11759114265441895 6876.532745361328
0.11413288116455078 6876.558868408203
0.14142489433288574 6876.575592041016
0.15279603004455566 6876.583251953125
0.11779499053955078 6876.5869140625
0.16244912147521973 6876.591583251953
0.1145317554473877 6876.601989746094
0.11360621452331543 6876.619140625
0.15005087852478027 6876.643005371094
0.20305800437927246 6876.670837402344
0.11555790901184082 6876.699310302734
0.11440110206604004 6876.726470947266
0.14902710914611816 6876.752410888672
0.1139981746673584 6876.775604248047
0.11435127258300781 6876.793029785156
0.1138455867767334 6876.811767578125
0.14995193481445312 6876.843902587891
0.11415815353393555 6876.891418457031
0.13888311386108398 6876.945037841797
0.11458897590637207 6876.988372802734
0.1136932373046875 6877.007080078125
0.15008115768432617 6876.997406005859
0.11736297607421875 6876.965667724609
0.11482715606689453 6876.927459716797
0.11525893211364746 6876.900970458984
0.15054893493652344 6876.902496337891
0.11400914192199707 6876.930267333984
0.13093090057373047 6876.9749755859375
0.11486196517944336 6877.043518066406
0.1494140625 6877.121612548828
0.12482905387878418 6877.192169189453
0.15069103240966797 6877.239196777344
0.1472017765045166 6877.254577636719
0.15038585662841797 6877.233917236328
0.12161588668823242 6877.175720214844
0.11362290382385254 6877.091705322266
0.11488628387451172 6876.990295410156
0.14998698234558105 6876.864807128906
0.1144876480102539 6876.716217041016
0.11501002311706543 6876.591766357422
0.11626005172729492 6876.508972167969
0.1184382438659668 6876.478668212891
0.16143798828125 6876.501708984375
0.1403489112854004 6876.569763183594
0.12238693237304688 6876.667205810547
0.11455702781677246 6876.775390625
0.1496109962463379 6876.874938964844
0.12409496307373047 6876.949493408203
0.14746689796447754 6876.987701416016
0.1403510570526123 6876.9854736328125
0.14973807334899902 6876.945068359375
0.14177703857421875 6876.875885009766
0.14777493476867676 6876.791290283203
0.1483750343322754 6876.707366943359
0.14666008949279785 6876.638916015625
0.1615607738494873 6876.598602294922
0.18305587768554688 6876.590393066406
0.19262480735778809 6876.60986328125
0.17677831649780273 6876.648773193359
0.16328215599060059 6876.695373535156
0.21873903274536133 6876.737884521484
0.22640705108642578 6876.765411376953
0.14797496795654297 6876.771514892578
0.21449923515319824 6876.753570556641
0.11454105377197266 6876.713897705078
0.12506413459777832 6876.661376953125
0.12470602989196777 6876.609039306641
0.14929986000061035 6876.569396972656
0.12289595603942871 6876.552917480469
0.2825758457183838 6876.564025878906
0.13063383102416992 6876.6014404296875
0.21108770370483398 6876.658508300781
0.1489701271057129 6876.7247314453125
0.24742698669433594 6876.787261962891
0.3807790279388428 6876.8360595703125
0.12035417556762695 6876.863677978516
0.15862202644348145 6876.867980957031
0.11432909965515137 6876.8521728515625
0.20938992500305176 6876.822845458984
0.11525583267211914 6876.7899169921875
0.14950013160705566 6876.7633056640625
0.12852883338928223 6876.751312255859
0.11498117446899414 6876.758758544922
0.1210470199584961 6876.785552978516
0.17732000350952148 6876.827117919922
0.14623594284057617 6876.876220703125
0.17435193061828613 6876.923767089844
0.33960413932800293 6876.963134765625
0.1356799602508545 6876.990814208984
0.15078520774841309 6877.008148193359
0.11761784553527832 6877.018218994141
0.11481308937072754 6877.026794433594
0.11430907249450684 6877.0362548828125
0.1569662094116211 6877.0460205078125
0.16202092170715332 6877.056579589844
0.12984895706176758 6877.072296142578
0.13706398010253906 6877.091278076172
0.15006589889526367 6877.106170654297
0.1172490119934082 6877.110595703125
0.2878909111022949 6877.103698730469
0.1437699794769287 6877.0863037109375
0.17754888534545898 6877.056304931641
0.11734604835510254 6877.005462646484
0.1136467456817627 6876.918151855469
0.11458778381347656 6876.8018798828125
0.14404511451721191 6876.668762207031
0.17530298233032227 6876.534759521484
0.21055388450622559 6876.417785644531
0.20806598663330078 6876.330230712891
0.16157889366149902 6876.279052734375
0.18310976028442383 6876.272033691406
0.1157228946685791 6876.312316894531
0.11695003509521484 6876.3974609375
0.11459994316101074 6876.519561767578
0.149461030960083 6876.666320800781
0.11420798301696777 6876.813171386719
0.11386919021606445 6876.924621582031
0.11404609680175781 6876.977630615234
0.11879205703735352 6876.964111328125
0.15979528427124023 6876.891845703125
0.14277982711791992 6876.779296875
0.12033510208129883 6876.652740478516
0.11656975746154785 6876.54052734375
0.14972186088562012 6876.472747802734
0.14447474479675293 6876.4691162109375
0.1393122673034668 6876.533172607422
0.11663675308227539 6876.647735595703
0.16855716705322266 6876.783996582031
0.12962818145751953 6876.921569824219
0.13188719749450684 6877.038299560547
0.1388406753540039 6877.111968994141
0.16480779647827148 6877.132171630859
0.14426493644714355 6877.100036621094
0.12690997123718262 6877.026611328125
0.1406238079071045 6876.93017578125
0.11855292320251465 6876.827209472656
0.15847492218017578 6876.737731933594
0.11512279510498047 6876.683990478516
0.11444878578186035 6876.673400878906
0.1192939281463623 6876.698669433594
0.15284514427185059 6876.752227783203
0.12400102615356445 6876.828399658203
0.15252900123596191 6876.916351318359
0.17248272895812988 6876.9984130859375
0.2653219699859619 6877.048980712891
0.13145899772644043 6877.062744140625
0.11572098731994629 6877.045440673828
0.11890506744384766 6877.006744384766
0.1566462516784668 6876.959686279297
0.13805890083312988 6876.917022705078
0.13977503776550293 6876.890350341797
0.14116311073303223 6876.886535644531
0.13511919975280762 6876.8975830078125
0.16354894638061523 6876.905853271484
0.11819911003112793 6876.9158935546875
0.11646080017089844 6876.926605224609
0.11490321159362793 6876.9315185546875
0.14911484718322754 6876.926666259766
0.152055025100708 6876.921142578125
0.1406261920928955 6876.917907714844
0.11921191215515137 6876.917755126953
0.14970707893371582 6876.914276123047
0.11471271514892578 6876.896270751953
0.12732791900634766 6876.8636474609375
0.1319878101348877 6876.823760986328
0.17347192764282227 6876.782562255859
0.14409708976745605 6876.742523193359
0.1457669734954834 6876.703399658203
0.12659025192260742 6876.667541503906
0.13782310485839844 6876.635955810547
0.15004992485046387 6876.610778808594
0.2109088897705078 6876.5919189453125
0.2470090389251709 6876.579193115234
0.12378311157226562 6876.572784423828
0.14951705932617188 6876.574401855469
0.1170799732208252 6876.586395263672
0.14503717422485352 6876.608703613281
0.11476707458496094 6876.637359619141
0.1491708755493164 6876.66748046875
0.11593389511108398 6876.6944580078125
0.11466217041015625 6876.714691162109
0.11430001258850098 6876.725555419922
0.1497049331665039 6876.725189208984
0.11401557922363281 6876.712493896484
0.11470198631286621 6876.687652587891
0.1137230396270752 6876.6578369140625
0.11671614646911621 6876.628570556641
0.15026402473449707 6876.603698730469
0.11831021308898926 6876.589416503906
0.1136009693145752 6876.589660644531
0.11374592781066895 6876.605773925781
0.1495349407196045 6876.636779785156
0.12349796295166016 6876.67919921875
0.1137552261352539 6876.727478027344
0.11437487602233887 6876.773742675781
0.14932703971862793 6876.813018798828
0.1140298843383789 6876.842041015625
0.1382007598876953 6876.861511230469
0.11537599563598633 6876.874084472656
0.11457109451293945 6876.8841552734375
0.14995884895324707 6876.895843505859
0.11405801773071289 6876.913330078125
0.11468005180358887 6876.9395751953125
0.11471009254455566 6876.971343994141
0.14912009239196777 6877.0028076171875
0.11413908004760742 6877.033172607422
0.11589193344116211 6877.060729980469
0.11478304862976074 6877.083648681641
0.14966082572937012 6877.099273681641
0.11502623558044434 6877.104156494141
0.11389899253845215 6877.096862792969
0.11407613754272461 6877.0780029296875
0.1501617431640625 6877.051361083984
0.11592411994934082 6877.0223388671875
0.11430597305297852 6876.996337890625
0.11395382881164551 6876.976043701172
0.11391115188598633 6876.9608154296875
0.15077710151672363 6876.943664550781
0.11511516571044922 6876.913513183594
0.11945796012878418 6876.880340576172
0.11565899848937988 6876.8511962890625
0.14946508407592773 6876.829315185547
0.11523795127868652 6876.812774658203
0.11844778060913086 6876.797576904297
0.11457204818725586 6876.786682128906
0.14934492111206055 6876.782318115234
0.11413192749023438 6876.783935546875
0.11408782005310059 6876.786682128906
0.11430096626281738 6876.782501220703
0.149306058883667 6876.766540527344
0.11626219749450684 6876.735870361328
0.11435890197753906 6876.690368652344
0.11492800712585449 6876.635314941406
0.11412405967712402 6876.580749511719
0.14989328384399414 6876.538879394531
0.11457395553588867 6876.522064208984
0.11409306526184082 6876.5390625
0.11428308486938477 6876.593475341797
0.15023589134216309 6876.6763916015625
0.11387109756469727 6876.763916015625
0.11424708366394043 6876.834808349609
0.11381697654724121 6876.873992919922
0.1486501693725586 6876.876678466797
0.11717104911804199 6876.842102050781
0.11402606964111328 6876.774353027344
0.1138448715209961 6876.681701660156
0.24831891059875488 6876.5760498046875
0.11391806602478027 6876.471710205078
0.1672210693359375 6876.384429931641
0.1141350269317627 6876.3291015625
0.11703991889953613 6876.317779541016
0.16020607948303223 6876.357757568359
0.13929986953735352 6876.448944091797
0.12551188468933105 6876.582489013672
0.13741374015808105 6876.736724853516
0.14883828163146973 6876.885986328125
0.13669514656066895 6877.005767822266
0.1380481719970703 6877.0797119140625
0.13030385971069336 6877.101104736328
0.15079498291015625 6877.078094482422
0.1161651611328125 6877.028961181641
0.11452317237854004 6876.9747314453125
0.11614704132080078 6876.9320068359375
0.13632893562316895 6876.9085693359375
0.17374086380004883 6876.906524658203
0.13465428352355957 6876.916564941406
0.12125086784362793 6876.9227294921875
0.13971495628356934 6876.9317626953125
0.16305804252624512 6876.945861816406
0.1438462734222412 6876.965728759766
0.14815688133239746 6876.9898681640625
0.11882805824279785 6877.015380859375
0.14967894554138184 6877.040740966797
0.13153982162475586 6877.065582275391
0.11416411399841309 6877.087677001953
0.11522507667541504 6877.10595703125
0.16005992889404297 6877.118560791016
0.11356902122497559 6877.125579833984
0.1144859790802002 6877.1246337890625
0.11819100379943848 6877.10888671875
0.149885892868042 6877.072845458984
0.11464071273803711 6877.019836425781
0.11439108848571777 6876.955108642578
0.11417984962463379 6876.885223388672
0.11442828178405762 6876.817901611328
0.15086102485656738 6876.7596435546875
0.11410212516784668 6876.7080078125
0.11457204818725586 6876.657379150391
0.1146240234375 6876.614685058594
0.1503586769104004 6876.583923339844
0.11436700820922852 6876.5665283203125
0.11587810516357422 6876.5614013671875
0.1145327091217041 6876.566619873047
0.1500849723815918 6876.580841064453
0.11481595039367676 6876.602966308594
0.11416292190551758 6876.6304931640625
0.11425590515136719 6876.661315917969
0.11777281761169434 6876.693084716797
0.18305373191833496 6876.7232666015625
0.11791276931762695 6876.749969482422
0.11472368240356445 6876.770843505859
