0.12951183319091797 6620.144332885742
0.13134479522705078 6782.156936645508
0.12875699996948242 6943.469329833984
0.1308279037475586 7105.451126098633
0.13194704055786133 7269.39289855957
0.11826705932617188 7435.501434326172
0.1317582130432129 7605.269958496094
0.13214588165283203 7777.7142333984375
0.12859082221984863 7952.855041503906
0.1305689811706543 8129.239715576172
0.1292726993560791 8306.055847167969
0.1286168098449707 8483.013763427734
0.12858915328979492 8658.245361328125
0.13528919219970703 8831.256622314453
0.1293649673461914 9000.18423461914
0.12869596481323242 9165.340759277344
0.130767822265625 9329.317810058594
0.12972187995910645 9491.396697998047
0.1299428939819336 9650.939056396484
0.13029193878173828 9804.104309082031
0.13104796409606934 9910.220611572266
0.1314990520477295 9995.812469482422
0.13045978546142578 10055.475036621094
0.12992405891418457 10105.635223388672
0.1295480728149414 10150.052764892578
0.12919092178344727 10180.886169433594
0.12984490394592285 10212.106018066406
0.12904119491577148 10243.023223876953
0.13039803504943848 10261.30062866211
0.12902092933654785 10263.982788085938
0.13011789321899414 10267.22299194336
0.1295938491821289 10272.203796386719
0.12871885299682617 10278.257934570312
0.12834787368774414 10284.566314697266
0.1291649341583252 10290.070495605469
0.12872815132141113 10294.213989257812
0.1299269199371338 10296.951385498047
0.1290731430053711 10296.885467529297
0.12957978248596191 10296.109100341797
0.12906289100646973 10295.657592773438
0.1297440528869629 10295.759887695312
0.12973284721374512 10296.42709350586
0.12897109985351562 10297.469451904297
0.1296401023864746 10298.575378417969
0.1297893524169922 10299.476989746094
0.13117599487304688 10300.0546875
0.12935400009155273 10300.352142333984
0.1305241584777832 10300.518127441406
0.13001418113708496 10300.71728515625
0.12926983833312988 10300.960144042969
0.13063406944274902 10301.295440673828
0.12875580787658691 10301.749389648438
0.12942790985107422 10302.228240966797
0.12985968589782715 10302.642700195312
0.11609816551208496 10302.979583740234
0.13101506233215332 10303.26284790039
0.10290718078613281 10303.537841796875
0.12926793098449707 10303.846740722656
0.13254690170288086 10304.22134399414
0.12957310676574707 10304.641021728516
0.12879610061645508 10305.06640625
0.12871384620666504 10305.412506103516
0.12891077995300293 10305.722747802734
0.12871313095092773 10305.982177734375
0.12874984741210938 10306.186401367188
0.12903404235839844 10306.328826904297
0.12990689277648926 10306.414825439453
0.13042616844177246 10306.45166015625
0.12884879112243652 10306.453338623047
0.13644814491271973 10306.434387207031
0.12944269180297852 10306.40365600586
0.12950587272644043 10306.347930908203
0.12916994094848633 10306.293060302734
0.12911105155944824 10306.267150878906
0.1296401023864746 10306.279388427734
0.12929892539978027 10306.329132080078
0.13016700744628906 10306.403442382812
0.129364013671875 10306.501708984375
0.131242036819458 10306.622924804688
0.12929201126098633 10306.759460449219
0.12859392166137695 10306.904052734375
0.12845420837402344 10307.049682617188
0.1290891170501709 10307.18978881836
0.12915897369384766 10307.319244384766
0.1290900707244873 10307.428527832031
0.12931108474731445 10307.509307861328
0.12921690940856934 10307.566192626953
0.12975502014160156 10307.613494873047
0.1291511058807373 10307.664520263672
0.13025212287902832 10307.728729248047
0.1296217441558838 10307.796875
0.13042187690734863 10307.875762939453
0.12981200218200684 10307.971557617188
0.1301429271697998 10308.080596923828
0.1385059356689453 10308.19302368164
0.1305370330810547 10308.304565429688
0.13006305694580078 10308.413940429688
0.12962889671325684 10308.518585205078
0.12979984283447266 10308.618743896484
0.13037514686584473 10308.714294433594
0.13043880462646484 10308.805938720703
0.13296103477478027 10308.891082763672
0.13011622428894043 10308.96664428711
0.12994694709777832 10309.03500366211
0.12933778762817383 10309.101593017578
0.10319113731384277 10309.166870117188
0.13132500648498535 10309.226531982422
0.10362100601196289 10309.280548095703
0.12989497184753418 10309.307830810547
0.1318378448486328 10309.33056640625
0.13039708137512207 10309.351501464844
0.12929606437683105 10309.368957519531
0.1317729949951172 10309.38900756836
0.13034391403198242 10309.412139892578
0.12950491905212402 10309.437713623047
0.13482189178466797 10309.463073730469
0.12991118431091309 10309.48291015625
0.12986993789672852 10309.50244140625
0.13114309310913086 10309.512939453125
0.2203519344329834 10309.51089477539
0.13033485412597656 10309.506622314453
0.12988495826721191 10309.507751464844
0.12949490547180176 10309.517669677734
0.1292400360107422 10309.534729003906
0.12938237190246582 10309.556335449219
0.12954306602478027 10309.579895019531
0.12936615943908691 10309.604736328125
0.1289980411529541 10309.63070678711
0.1299128532409668 10309.657165527344
0.13031721115112305 10309.661834716797
0.12916016578674316 10309.632568359375
0.13982272148132324 10309.620300292969
0.1424269676208496 10309.64242553711
0.13877296447753906 10309.672454833984
0.11011886596679688 10309.70751953125
0.13889002799987793 10309.741180419922
0.11169910430908203 10309.76058959961
0.13780689239501953 10309.750030517578
0.13830828666687012 10309.739685058594
0.13874387741088867 10309.743408203125
0.13826394081115723 10309.753021240234
0.13636088371276855 10309.768981933594
0.13962411880493164 10309.779998779297
0.1379389762878418 10309.765533447266
0.13993406295776367 10309.720886230469
0.13825297355651855 10309.705657958984
0.13685297966003418 10309.735443115234
0.13740205764770508 10309.792297363281
0.13699698448181152 10309.856262207031
0.20235705375671387 10309.877685546875
0.13817191123962402 10309.837799072266
0.13782310485839844 10309.788330078125
0.1376948356628418 10309.754913330078
0.2283010482788086 10309.751586914062
0.13712096214294434 10309.78012084961
0.13648509979248047 10309.822509765625
0.13793206214904785 10309.864929199219
0.13896489143371582 10309.893524169922
0.13803625106811523 10309.872619628906
0.13694405555725098 10309.831512451172
0.1364431381225586 10309.799560546875
0.13725781440734863 10309.763000488281
0.1371142864227295 10309.698516845703
0.13844513893127441 10309.67269897461
0.13744902610778809 10309.69839477539
0.13738179206848145 10309.746551513672
0.13748407363891602 10309.792938232422
0.137160062789917 10309.831756591797
0.1377720832824707 10309.820617675781
0.13846206665039062 10309.766510009766
0.13792896270751953 10309.74642944336
0.13672804832458496 10309.757080078125
0.13660979270935059 10309.786224365234
0.13776803016662598 10309.835998535156
